100
    0 1700 1846  942 2709 1440 1315 1751 1227 1379 1954  543  744 1289  511 1371 1957  877 1267  956 2105 1759 2016  659 2052 1051  462 2478  845 1615 1137  807 1649 2229 1739 1491 1043 2487 2392  379 1641 1195 2875 1520 1647  577 1203 1729  862 2217 1523 1977   32 1545 1114 2651 1513 2503 1783 1059  948 2002 1473  961 1024 1443 1040 1691 1599 2351 2455 2218 1863 1562 1638 2456 1238 1254  741 1224 1724 1366 2029 1859  216 2526 2317 2508 1831 2142 2316 1362  925 2431 2401 2037 1833 2407 1272 1650
 1700    0 1118 1353 1157  552 2851  972 2574 1824 2632 1581 1022 1561 1235 2437 1267 1973 1871 1196  617  854  349 2192 1349 2499 1244 1146 2041  331  767 2332 1803 1450   76 1686 2233 1091 1053 1478  714 1111 1299 2433 1893 1903  782 2418 1873  628 2577 2659 1715  499 1052 1196 1662 1508  989 1108 2336  586 2466 1171  708 2254  894  209 1335  679 1019  778 1125 1649  715  773  504 2639 1108  476 1920 2751  630 2565 1485  923 2739 1292  667 1376  616 1874 1641  734  718 2506 2025 1314 1783 1762
 1846 1118    0  976 2130 1545 2534 2043 2141 1075 1770 1413 1545  863 1626 1842 2349 1569 1200 1919  806 1938 1073 2012 2439 2165 1453 2234 1672  793 1575 2107  886 2555 1062  849 1784 2162 2145 1478  414 1963 2230 1745  992 1688 1641 1605 1467 1656 1941 1794 1841 1545 1865 2232  809 2626  130  790 1996 1696 1819 1898 1347 1555 1651  911  415 1221 2082 1864   18  763 1781 1327  960 2222 1675 1149  983 2313 1740 1729 1690 1878 1748 2397  483 2477 1383 1142 1196 1500 1571 1565 1056 2431 1100  837
  942 1353  976    0 2508 1434 1607 1919 1262  580 1363  445  995  384  934 1084 2207  654  560 1407 1487 1863 1552 1040 2308 1237  689 2432  743 1103 1264 1144  758 2467 1350  593  905 2400 2337  565  922 1563 2652 1090  788  715 1351 1131  548 1978 1225 1390  929 1501 1454 2528  603 2654  950  258 1066 1870 1116 1395 1012  921 1260 1231  665 1843 2340 2088  993  642 1700 1959  871 1336 1106 1008  855 1441 1910 1282  847 2275 1597 2535 1135 2378 1900  602  290 2028 2045 1323  974 2497  497  747
 2709 1157 2130 2508    0 1273 3953 1166 3707 2974 3777 2701 1967 2711 2201 3591 1237 3116 3027 1918 1350 1078 1059 3279 1236 3615 2294  449 3178 1449 1585 3426 2925 1184 1170 2821 3376  351  461 2565 1788 1710  170 3590 3020 3015 1534 3568 3018  531 3734 3803 2731 1166 1726  219 2793  967 2014 2265 3458  707 3623 1898 1695 3411 1701 1310 2436  974  316  499 2131 2773 1127  910 1644 3768 1997 1552 3038 3883  683 3713 2497  252 3849  629 1649 1180  761 3026 2795  668  569 3631 3135  799 2938 2880
 1440  552 1545 1434 1273    0 2712  513 2509 1989 2793 1504  696 1741  930 2464  820 1951 1993  704 1169  434  880 2034  916 2391 1047 1055 1994  784  314 2185 2054 1057  628 1910 2205 1052  965 1336 1133  572 1441 2510 2126 1797  280 2563 1865  810 2617 2820 1463  109  532 1212 1897 1220 1417 1244 2244  566 2519  681  455 2350  437  720 1651 1179 1016  778 1556 1902  268 1250  632 2562  725  446 2170 2678  590 2714 1230 1108 2980 1121 1160  971 1041 2024 1689 1125 1056 2721 2286 1066 1922 2021
 1315 2851 2534 1607 3953 2712    0 3063  439 1546 1495 1273 2032 1684 1809  860 3272  966 1391 2269 3089 3063 3112  678 3366  371 1666 3765  867 2666 2426  528 1856 3543 2870 1779  760 3764 3676 1388 2529 2509 4113 1074 1781  949 2500 1387 1071 3436  893 1503 1286 2811 2429 3920 1820 3818 2535 1857  542 3256  965 2275 2265 1183 2342 2778 2143 3424 3723 3477 2549 1882 2933 3539 2349  360 2049 2407 1849  341 3288 1422 1500 3747 1951 3810 2742 3457 3448 1483 1344 3574 3569 1745 1896 3716 1478 1891
 1751  972 2043 1919 1166  513 3063    0 2910 2486 3282 1929 1045 2243 1256 2910  308 2386 2479  829 1566  128 1230 2391  403 2769 1436  798 2416 1261  672 2543 2564  550 1046 2417 2631  847  734 1736 1629  591 1332 2974 2633 2194  587 3049 2309  889 3066 3309 1779  498  646 1024 2405  762 1914 1745 2636  610 2975  816  909 2824  727 1171 2164 1458  854  708 2053 2412  263 1495 1145 2955 1014  957 2679 3070  595 3200 1563 1099 3485  774 1629  461 1260 2517 2158 1300 1195 3223 2796  656 2413 2532
 1227 2574 2141 1262 3707 2509  439 2910    0 1120 1090 1009 1865 1281 1664  427 3147  609  969 2166 2747 2893 2806  586 3246  221 1475 3562  532 2356 2248  465 1425 3421 2583 1357  361 3549 3470 1177 2177 2395 3861  645 1346  716 2328  960  715 3181  487 1101 1195 2601 2303 3696 1399 3672 2154 1519  280 3027  538 2167 2054  745 2183 2477 1739 3103 3500 3250 2156 1460 2749 3220 2071   83 1909 2157 1413  179 3062 1010 1369 3488 1544 3627 2390 3332 3150 1055  980 3278 3285 1322 1458 3551 1060 1461
 1379 1824 1075  580 2974 1989 1546 2486 1120    0  811  838 1572  263 1492  774 2778  663  158 1982 1797 2422 1953 1190 2879 1199 1242 2948  767 1527 1839 1228  322 3035 1805  239  791 2906 2854 1041 1233 2142 3105  671  279  925 1926  594  597 2450  866  838 1357 2047 2033 3020  281 3207 1121  748 1048 2380  743 1970 1584  481 1840 1665  660 2196 2839 2591 1088  341 2257 2310 1389 1203 1680 1550  358 1279 2422  741 1347 2730 1018 3066 1428 2946 2301   68  455 2428 2467  744  457 3042  108  350
 1954 2632 1770 1363 3777 2793 1495 3282 1090  811    0 1473 2322 1072 2201  684 3568 1078  803 2715 2551 3224 2741 1505 3670 1284 1955 3760 1129 2328 2624 1457  885 3830 2609  960  980 3716 3665 1697 2010 2899 3903  471  780 1389 2711  236 1096 3255  605   27 1925 2855 2792 3828  992 4013 1847 1557 1219 3191  563 2707 2374  511 2610 2467 1379 2960 3649 3401 1778 1022 3060 3073 2199 1152 2416 2358  788 1155 3234   95 1992 3530  456 3877 2188 3740 3084  770 1144 3210 3257  297  735 3851  871  934
  543 1581 1413  445 2701 1504 1273 1929 1009  838 1473    0  897  753  738  987 2187  458  735 1259 1840 1901 1840  637 2287  919  505 2554  490 1397 1259  764 1107 2458 1598  952  703 2540 2462  224 1303 1464 2856 1083 1104  325 1342 1240  393 2177 1144 1498  522 1593 1361 2686  975 2689 1377  640  757 2018 1064 1254 1049  968 1210 1506 1108 2157 2491 2241 1431 1027 1751 2270 1077 1068  969 1150 1181 1183 2053 1381  523 2486 1803 2625 1512 2368 2176  825  383 2301 2298 1521 1291 2557  731 1111
  744 1022 1545  995 1967  696 2032 1045 1865 1572 2322  897    0 1369  234 1884 1291 1355 1528  416 1533 1034 1364 1356 1391 1727  395 1738 1377 1036  395 1507 1734 1563 1076 1571 1593 1744 1651  694 1211  577 2134 1969 1777 1150  468 2086 1286 1483 2041 2348  768  802  470 1907 1573 1807 1442  916 1591 1259 1958  401  314 1836  318 1070 1467 1699 1710 1474 1561 1599  901 1795  663 1910  130  562 1840 2026 1285 2234  537 1790 2590 1778 1348 1474 1627 1588 1178 1733 1689 2313 1960 1690 1482 1714
 1289 1561  863  384 2711 1741 1684 2243 1281  263 1072  753 1369    0 1317  985 2539  736  345 1784 1547 2175 1692 1233 2640 1321 1073 2688  843 1264 1608 1301  374 2792 1541  210  927 2644 2593  922  978 1929 2842  914  408  930 1694  857  643 2187 1096 1099 1271 1795 1819 2757  225 2956  891  498 1157 2119  974 1770 1350  725 1619 1402  459 1941 2576 2329  878  274 2009 2056 1132 1362 1484 1299  472 1451 2162 1004 1218 2467 1244 2808 1178 2704 2041  317  404 2168 2205  980  592 2788  245  367
  511 1235 1626  934 2201  930 1809 1256 1664 1492 2201  738  234 1317    0 1718 1484 1188 1426  521 1710 1255 1569 1136 1582 1515  250 1968 1197 1211  626 1287 1691 1757 1283 1526 1412 1976 1882  519 1332  736 2368 1821 1720  954  694 1966 1131 1716 1875 2227  536 1036  640 2140 1534 2015 1535  917 1387 1494 1800  517  532 1702  533 1261 1488 1906 1944 1708 1643 1568 1129 2005  827 1704  245  762 1788 1820 1520 2111  309 2023 2500 2002 1491 1668 1846 1498 1065 1956 1915 2220 1907 1907 1394 1677
 1371 2437 1842 1084 3591 2464  860 2910  427  774  684  987 1884  985 1718    0 3173  530  643 2238 2520 2875 2626  839 3274  603 1492 3496  530 2180 2239  776 1050 3444 2434 1012  331 3470 3401 1200 1946 2449 3736  221  960  796 2324  534  602 3061  157  699 1340 2545 2348 3604 1054 3667 1876 1335  537 2940  121 2235 2014  332 2196 2311 1429 2900 3413 3161 1856 1112 2720 3017 1949  501 1954 2068 1021  542 2979  597 1458 3359 1131 3583 2152 3354 2976  706  797 3104 3127  898 1052 3528  743 1091
 1957 1267 2349 2207 1237  820 3272  308 3147 2778 3568 2187 1291 2539 1484 3173    0 2645 2765 1004 1846  414 1501 2610  102 2996 1686  808 2668 1565  945 2761 2865  273 1338 2717 2884  889  776 1984 1935  763 1389 3247 2933 2435  859 3335 2573 1083 3330 3595 1987  804  846 1056 2706  565 2220 2042 2870  829 3243  997 1195 3102  977 1470 2470 1698  925  857 2359 2714  569 1721 1451 3188 1239 1262 2981 3303  802 3485 1784 1231 3782  707 1929  185 1485 2807 2436 1504 1390 3518 3098  541 2703 2834
  877 1973 1569  654 3116 1951  966 2386  609  663 1078  458 1355  736 1188  530 2645    0  510 1709 2141 2355 2198  528 2746  596  962 2994  107 1747 1715  570  984 2917 1979  869  260 2974 2900  670 1573 1919 3266  647  937  313 1799  858  107 2587  687 1101  847 2036 1818 3115  906 3145 1569  911  427 2447  613 1706 1498  570 1668 1870 1187 2495 2921 2669 1585  968 2203 2611 1473  681 1424 1573 1015  788 2484  984  937 2892 1462 3072 1786 2826 2543  616  379 2671 2680 1187 1099 3010  569 1007
 1267 1871 1200  560 3027 1993 1391 2479  969  158  803  735 1528  345 1426  643 2765  510    0 1930 1891 2423 2024 1038 2866 1042 1176 2978  612 1588 1821 1072  479 3027 1858  389  634 2941 2883  949 1320 2104 3163  573  427  785 1908  571  451 2499  750  830 1243 2058 1995 3062  430 3213 1234  770  890 2412  629 1920 1571  386 1810 1724  787 2282 2877 2627 1213  492 2259 2397 1413 1051 1628 1563  506 1131 2453  721 1255 2787 1076 3087 1522 2937 2374  106  362 2502 2534  794  594 3054  100  507
  956 1196 1919 1407 1918  704 2269  829 2166 1982 2715 1259  416 1784  521 2238 1004 1709 1930    0 1780  868 1544 1613 1097 2003  761 1608 1715 1310  428 1762 2150 1275 1264 1987 1930 1640 1533 1040 1554  243 2088 2342 2192 1466  427 2480 1653 1502 2395 2742  987  808  192 1814 1989 1559 1807 1330 1886 1235 2321   25  581 2220  305 1304 1873 1863 1627 1421 1934 2015  791 1943  980 2200  302  822 2255 2314 1248 2626  797 1786 2998 1602 1660 1189 1742 1994 1573 1829 1760 2719 2375 1481 1889 2130
 2105  617  806 1487 1350 1169 3089 1566 2747 1797 2551 1840 1533 1547 1710 2520 1846 2141 1891 1780    0 1442  354 2477 1918 2721 1646 1526 2230  500 1357 2601 1668 1995  541 1599 2388 1439 1446 1806  574 1720 1436 2461 1771 2159 1384 2367 2034  930 2640 2576 2113 1115 1652 1478 1563 1988  708 1233 2550 1060 2519 1755 1234 2272 1475  475 1172  415 1354 1172  803 1529 1319  523  884 2822 1640  977 1773 2926 1099 2501 1902 1102 2554 1710  369 1931  590 1859 1768  699  782 2363 1855 1782 1792 1620
 1759  854 1938 1863 1078  434 3063  128 2893 2422 3224 1901 1034 2175 1255 2875  414 2355 2423  868 1442    0 1104 2388  501 2760 1418  741 2390 1151  645 2540 2487  627  926 2344 2604  776  667 1716 1524  642 1246 2930 2559 2177  566 2993 2274  768 3030 3251 1786  398  678  952 2330  794 1808 1677 2622  487 2936  852  862 2775  721 1056 2075 1330  772  603 1948 2334  167 1368 1062 2941 1018  880 2603 3057  476 3144 1563  992 3414  749 1516  544 1134 2456 2111 1176 1073 3155 2719  658 2354 2453
 2016  349 1073 1552 1059  880 3112 1230 2806 1953 2741 1840 1364 1692 1569 2626 1501 2198 2024 1544  354 1104    0 2468 1570 2751 1555 1184 2276  450 1116 2603 1875 1642  288 1781 2454 1103 1102 1764  735 1449 1169 2596 1973 2165 1126 2541 2093  592 2758 2767 2029  808 1395 1160 1751 1635  955 1296 2584  706 2642 1519 1051 2411 1243  335 1382  337 1020  824 1074 1726  993  441  783 2875 1454  807 1987 2985  745 2683 1804  808 2792 1364  590 1580  350 2009 1842  479  516 2581 2081 1430 1930 1829
  659 2192 2012 1040 3279 2034  678 2391  586 1190 1505  637 1356 1233 1136  839 2610  528 1038 1613 2477 2388 2468    0 2706  394  989 3088  429 2029 1750  152 1509 2883 2215 1387  525 3087 2999  717 1937 1850 3440 1035 1465  326 1824 1312  598 2765  970 1524  627 2134 1764 3243 1422 3150 1990 1267  322 2580  957 1617 1589 1031 1668 2133 1662 2788 3046 2801 2029 1483 2256 2901 1693  602 1378 1738 1543  710 2611 1413  829 3076 1928 3134 2147 2795 2797 1144  836 2920 2909 1666 1626 3043 1093 1530
 2052 1349 2439 2308 1236  916 3366  403 3246 2879 3670 2287 1391 2640 1582 3274  102 2746 2866 1097 1918  501 1570 2706    0 3093 1786  796 2768 1652 1047 2856 2965  177 1419 2817 2984  886  777 2084 2025  857 1383 3349 3033 2534  960 3436 2674 1126 3430 3697 2082  896  943 1045 2806  489 2309 2142 2968  885 3344 1091 1296 3204 1078 1553 2567 1754  930  889 2448 2813  661 1771 1548 3285 1337 1360 3080 3400  855 3587 1881 1251 3883  673 2014   96 1536 2908 2538 1547 1430 3619 3197  498 2804 2933
 1051 2499 2165 1237 3615 2391  371 2769  221 1199 1284  919 1727 1321 1515  603 2996  596 1042 2003 2721 2760 2751  394 3093    0 1346 3446  496 2304 2117  256 1516 3269 2515 1428  409 3440 3356 1056 2159 2238 3772  823 1448  600 2195 1133  701 3093  691 1297 1020 2487 2150 3591 1468 3530 2165 1488  171 2924  722 2006 1939  889 2043 2419 1778 3060 3395 3147 2181 1530 2622 3175 1996  212 1759 2064 1520  316 2958 1199 1212 3403 1733 3501 2372 3181 3091 1139  974 3217 3216 1498 1579 3417 1124 1548
  462 1244 1453  689 2294 1047 1666 1436 1475 1242 1955  505  395 1073  250 1492 1686  962 1176  761 1646 1418 1555  989 1786 1346    0 2101  982 1153  773 1138 1447 1958 1281 1282 1198 2098 2012  300 1204  959 2456 1584 1473  759  853 1719  897 1786 1649 1981  474 1145  857 2254 1292 2199 1375  703 1204 1592 1568  754  600 1459  711 1229 1274 1889 2058 1813 1471 1328 1277 1996  776 1523  466  772 1543 1639 1623 1865  257 2098 2250 2156 1384 1868 1860 1247  816 1978 1953 1969 1661 2076 1144 1435
 2478 1146 2234 2432  449 1055 3765  798 3562 2948 3760 2554 1738 2688 1968 3496  808 2994 2978 1608 1526  741 1184 3088  796 3446 2101    0 3042 1474 1342 3238 2948  735 1186 2825 3250  109   95 2391 1848 1380  587 3522 3035 2851 1275 3539 2903  596 3645 3787 2503  961 1418  249 2803  538 2108 2209 3299  569 3542 1592 1509 3352 1440 1339 2481 1223  189  371 2238 2793  841 1195 1565 3616 1741 1428 3064 3732  526 3688 2274  538 3884  203 1755  734  987 2993 2706  942  820 3647 3170  354 2897 2907
  845 2041 1672  743 3178 1994  867 2416  532  767 1129  490 1377  843 1197  530 2668  107  612 1715 2230 2390 2276  429 2768  496  982 3042    0 1826 1747  463 1088 2940 2051  976  216 3026 2949  684 1665 1932 3330  678 1039  268 1830  917  206 2650  685 1151  814 2082 1833 3170 1013 3177 1669  997  325 2501  628 1713 1539  629 1693 1946 1293 2577 2975 2724 1689 1075 2241 2693 1539  600 1437 1629 1117  711 2538 1035  929 2957 1529 3115 1878 2851 2619  717  478 2746 2753 1258 1197 3047  675 1113
 1615  331  793 1103 1449  784 2666 1261 2356 1527 2328 1397 1036 1264 1211 2180 1565 1747 1588 1310  500 1151  450 2029 1652 2304 1153 1474 1826    0  901 2161 1484 1764  288 1373 2004 1414 1381 1335  384 1283 1578 2157 1576 1721  944 2120 1643  931 2314 2354 1625  766 1203 1509 1347 1837  663  847 2135  917 2199 1286  745 1974 1009  139 1008  760 1339 1103  801 1330  999  873  384 2425 1147  491 1599 2535  961 2264 1409 1204 2417 1623  376 1687  797 1580 1393  926  948 2189 1702 1644 1496 1441
 1137  767 1575 1264 1585  314 2426  672 2248 1839 2624 1259  395 1608  626 2239  945 1715 1821  428 1357  645 1116 1750 1047 2117  773 1342 1747  901    0 1901 1950 1211  836 1795 1961 1350 1256 1071 1185  390 1753 2305 2009 1532   87 2390 1637 1123 2394 2651 1162  423  302 1515 1788 1431 1455 1116 1977  880 2304  404  259 2157  130  882 1601 1436 1320 1088 1589 1803  506 1519  615 2296  412  431 2062 2412  902 2540  932 1422 2851 1385 1265 1121 1325 1866 1491 1418 1357 2582 2181 1303 1761 1922
  807 2332 2107 1144 3426 2185  528 2543  465 1228 1457  764 1507 1301 1287  776 2761  570 1072 1762 2601 2540 2603  152 2856  256 1138 3238  463 2161 1901    0 1550 3033 2354 1439  493 3236 3149  862 2054 2000 3586  986 1496  442 1975 1280  658 2911  893 1474  776 2284 1915 3392 1476 3301 2092 1380  239 2728  897 1767 1738 1009 1820 2268 1743 2921 3196 2950 2124 1538 2407 3034 1832  468 1530 1882 1573  571 2760 1367  980 3222 1893 3285 2265 2946 2935 1176  916 3059 3050 1641 1647 3195 1138 1575
 1649 1803  886  758 2925 2054 1856 2564 1425  322  885 1107 1734  374 1691 1050 2865  984  479 2150 1668 2487 1875 1509 2965 1516 1447 2948 1088 1484 1950 1550    0 3111 1771  165 1107 2894 2854 1290 1140 2285 3043  905  107 1235 2033  722  913 2414 1115  909 1629 2097 2176 2993  162 3254  963  834 1368 2381  996 2135 1690  727 1970 1622  497 2080 2821 2581  895  155 2320 2191 1427 1507 1852 1608  117 1576 2425  843 1589 2675  937 3082 1308 3024 2213  378  733 2337 2390  707  232 3077  416   49
 2229 1450 2555 2467 1184 1057 3543  550 3421 3035 3830 2458 1563 2792 1757 3444  273 2917 3027 1275 1995  627 1642 2883  177 3269 1958  735 2940 1764 1211 3033 3111    0 1516 2966 3156  835  737 2257 2142 1034 1317 3516 3182 2709 1125 3597 2843 1152 3600 3857 2259 1024 1119  978 2953  332 2425 2294 3144  940 3513 1268 1456 3368 1248 1657 2702 1797  893  902 2564 2959  793 1803 1688 3461 1512 1503 3227 3576  904 3748 2057 1233 4034  578 2117   90 1570 3066 2702 1568 1447 3772 3343  396 2962 3078
 1739   76 1062 1350 1170  628 2870 1046 2583 1805 2609 1598 1076 1541 1283 2434 1338 1979 1858 1264  541  926  288 2215 1419 2515 1281 1186 2051  288  836 2354 1771 1516    0 1658 2239 1125 1094 1504  664 1185 1306 2423 1862 1921  854 2398 1878  646 2572 2636 1753  576 1123 1222 1633 1566  933 1100 2350  635 2460 1239  763 2242  961  153 1296  623 1051  816 1068 1617  790  722  522 2649 1166  521 1887 2761  679 2544 1525  929 2705 1339  602 1444  583 1856 1639  705  702 2475 1990 1369 1768 1729
 1491 1686  849  593 2821 1910 1779 2417 1357  239  960  952 1571  210 1526 1012 2717  869  389 1987 1599 2344 1781 1387 2817 1428 1282 2825  976 1373 1795 1439  165 2966 1658    0 1021 2775 2731 1129 1050 2125 2945  897  216 1099 1879  769  788 2304 1098  986 1473 1957 2016 2880   42 3117  906  679 1272 2257  976 1973 1536  709 1812 1512  437 2005 2705 2461  861  103 2177 2118 1288 1440 1688 1464  269 1517 2300  904 1426 2573 1071 2954 1232 2878 2125  306  585 2250 2297  822  389 2943  304  159
 1043 2233 1784  905 3376 2205  760 2631  361  791  980  703 1593  927 1412  331 2884  260  634 1930 2388 2604 2454  525 2984  409 1198 3250  216 2004 1961  493 1107 3156 2239 1021    0 3232 3157  900 1817 2148 3527  512 1040  471 2045  790  361 2847  480  999 1012 2292 2049 3374 1062 3392 1795 1163  271 2706  442 1928 1750  516 1909 2128 1386 2748 3180 2928 1799 1124 2454 2864 1734  439 1653 1832 1113  539 2743  888 1141 3152 1406 3326 2029 3066 2801  730  620 2928 2939 1149 1176 3260  718 1139
 2487 1091 2162 2400  351 1052 3764  847 3549 2906 3716 2540 1744 2644 1976 3470  889 2974 2941 1640 1439  776 1103 3087  886 3440 2098  109 3026 1414 1350 3236 2894  835 1125 2775 3232    0  115 2384 1784 1418  501 3490 2983 2842 1288 3498 2882  511 3618 3743 2512  953 1448  177 2752  647 2038 2171 3289  530 3513 1622 1501 3318 1454 1277 2421 1124   86  315 2166 2740  858 1092 1530 3605 1755 1403 3010 3721  491 3646 2280  429 3829  311 1681  829  889 2952 2677  838  718 3596 3115  461 2858 2852
 2392 1053 2145 2337  461  965 3676  734 3470 2854 3665 2462 1651 2593 1882 3401  776 2900 2883 1533 1446  667 1102 2999  777 3356 2012   95 2949 1381 1256 3149 2854  737 1094 2731 3157  115    0 2300 1757 1309  614 3427 2941 2760 1190 3444 2809  518 3551 3692 2417  869 1342  291 2709  580 2019 2114 3207  474 3447 1516 1417 3257 1356 1248 2388 1157  156  282 2149 2699  758 1135 1470 3524 1657 1334 2970 3640  431 3593 2188  503 3790  265 1667  724  921 2898 2611  885  762 3552 3077  382 2802 2813
  379 1478 1478  565 2565 1336 1388 1736 1177 1041 1697  224  694  922  519 1200 1984  670  949 1040 1806 1716 1764  717 2084 1056  300 2391  684 1335 1071  862 1290 2257 1504 1129  900 2384 2300    0 1305 1250 2725 1304 1297  462 1152 1463  614 2049 1357 1722  369 1431 1150 2536 1147 2498 1422  688  909 1870 1281 1036  883 1192 1011 1430 1220 2091 2340 2092 1495 1193 1572 2202  983 1227  755 1021 1372 1343 1903 1605  306 2360 2022 2451 1504 2167 2087 1034  589 2209 2194 1739 1485 2374  936 1287
 1641  714  414  922 1788 1133 2529 1629 2177 1233 2010 1303 1211  978 1332 1946 1935 1573 1320 1554  574 1524  735 1937 2025 2159 1204 1848 1665  384 1185 2054 1140 2142  664 1050 1817 1784 1757 1305    0 1575 1903 1892 1239 1614 1245 1815 1466 1287 2067 2035 1643 1131 1482 1868 1018 2221  285  674 1988 1298 1948 1532  974 1703 1272  510  648  963 1706 1477  424  992 1366 1078  576 2253 1336  754 1252 2356 1342 1954 1457 1537 2061 2003  213 2063 1075 1293 1197 1201 1250 1847 1348 2028 1222 1095
 1195 1111 1963 1563 1710  572 2509  591 2395 2142 2899 1464  577 1929  736 2449  763 1919 2104  243 1720  642 1449 1850  857 2238  959 1380 1932 1283  390 2000 2285 1034 1185 2125 2148 1418 1309 1250 1575    0 1880 2543 2336 1689  339 2663 1856 1326 2606 2925 1225  661  109 1594 2123 1316 1844 1453 2117 1049 2528  235  623 2412  320 1252 1967 1751 1411 1219 1976 2143  590 1820 1003 2432  495  821 2394 2547 1056 2811 1027 1595 3160 1365 1652  947 1606 2161 1755 1682 1602 2885 2514 1240 2055 2261
 2875 1299 2230 2652  170 1441 4113 1332 3861 3105 3903 2856 2134 2842 2368 3736 1389 3266 3163 2088 1436 1246 1169 3440 1383 3772 2456  587 3330 1578 1753 3586 3043 1317 1306 2945 3527  501  614 2725 1903 1880    0 3729 3140 3172 1704 3697 3168  680 3876 3929 2897 1333 1896  339 2916 1075 2118 2405 3614  875 3765 2069 1858 3548 1870 1440 2551 1040  478  669 2229 2893 1297  961 1793 3923 2165 1708 3156 4037  852 3841 2662  377 3961  747 1753 1320  847 3158 2939  738  659 3750 3250  925 3072 2998
 1520 2433 1745 1090 3590 2510 1074 2974  645  671  471 1083 1969  914 1821  221 3247  647  573 2342 2461 2930 2596 1035 3349  823 1584 3522  678 2157 2305  986  905 3516 2423  897  512 3490 3427 1304 1892 2543 3729    0  807  945 2391  315  690 3061  213  489 1489 2583 2438 3617  938 3724 1792 1325  748 2960  109 2337 2069  190 2274 2293 1330 2854 3429 3178 1757  990 2771 2970 1961  717 2050 2096  857  745 3000  381 1583 3352  912 3621 2092 3425 2946  606  821 3074 3105  678  871 3575  670  950
 1647 1893  992  788 3020 2126 1781 2633 1346  279  780 1104 1777  408 1720  960 2933  937  427 2192 1771 2559 1973 1465 3033 1448 1473 3035 1039 1576 2009 1496  107 3182 1862  216 1040 2983 2941 1297 1239 2336 3140  807    0 1204 2094  616  875 2506 1018  805 1626 2172 2226 3084  232 3332 1067  893 1305 2467  900 2178 1750  633 2024 1715  600 2182 2911 2669 1002  247 2393 2294 1503 1428 1892 1680   79 1492 2511  737 1601 2771  856 3166 1410 3094 2313  321  723 2437 2489  613  188 3157  384  156
  577 1903 1688  715 3015 1797  949 2194  716  925 1389  325 1150  930  954  796 2435  313  785 1466 2159 2177 2165  326 2534  600  759 2851  268 1721 1532  442 1235 2709 1921 1099  471 2842 2760  462 1614 1689 3172  945 1204    0 1612 1171  335 2493  949 1412  546 1891 1594 2993 1131 2956 1665  942  447 2325  896 1465 1343  883 1467 1831 1345 2481 2796 2547 1705 1190 2034 2595 1400  765 1198 1464 1284  881 2359 1294  672 2803 1775 2912 1826 2619 2500  889  526 2625 2620 1499 1378 2835  822 1250
 1203  782 1641 1351 1534  280 2500  587 2328 1926 2711 1342  468 1694  694 2324  859 1799 1908  427 1384  566 1126 1824  960 2195  853 1275 1830  944   87 1975 2033 1125  854 1879 2045 1288 1190 1152 1245  339 1704 2391 2094 1612    0 2477 1722 1088 2479 2738 1229  387  270 1456 1872 1347 1519 1201 2056  834 2389  403  344 2244  167  914 1678 1439 1261 1035 1654 1886  435 1517  682 2375  467  492 2146 2491  853 2627 1002 1381 2936 1310 1314 1034 1315 1952 1578 1403 1335 2668 2265 1223 1848 2006
 1729 2418 1605 1131 3568 2563 1387 3049  960  594  236 1240 2086  857 1966  534 3335  858  571 2480 2367 2993 2541 1312 3436 1133 1719 3539  917 2120 2390 1280  722 3597 2398  769  790 3498 3444 1463 1815 2663 3697  315  616 1171 2477    0  868 3044  506  262 1700 2627 2556 3613  804 3783 1671 1332 1045 2971  423 2471 2141  289 2375 2258 1200 2773 3432 3183 1614  843 2830 2886 1976 1031 2180 2130  644 1056 3013  151 1760 3323  616 3653 2001 3507 2887  546  908 3014 3056  365  623 3623  643  771
  862 1873 1467  548 3018 1865 1071 2309  715  597 1096  393 1286  643 1131  602 2573  107  451 1653 2034 2274 2093  598 2674  701  897 2903  206 1643 1637  658  913 2843 1878  788  361 2882 2809  614 1466 1856 3168  690  875  335 1722  868    0 2489  757 1120  834 1948 1753 3020  824 3066 1464  805  530 2354  672 1648 1414  586 1596 1767 1089 2389 2828 2576 1483  885 2120 2505 1375  788 1362 1479  954  894 2391 1002  898 2793 1457 2986 1679 2753 2439  557  273 2567 2578 1178 1045 2927  497  933
 2217  628 1656 1978  531  810 3436  889 3181 2450 3255 2177 1483 2187 1716 3061 1083 2587 2499 1502  930  768  592 2765 1126 3093 1786  596 2650  931 1123 2911 2414 1152  646 2304 2847  511  518 2049 1287 1326  680 3061 2506 2493 1088 3044 2489    0 3203 3282 2237  702 1317  581 2277 1079 1533 1735 2934  285 3093 1480 1194 2882 1247  792 1932  652  428  257 1658 2261  745  651 1114 3243 1530 1030 2529 3357  293 3190 2002  311 3344  783 1173 1108  420 2500 2264  422  309 3119 2629  873 2411 2370
 1523 2577 1941 1225 3734 2617  893 3066  487  866  605 1144 2041 1096 1875  157 3330  687  750 2395 2640 3030 2758  970 3430  691 1649 3645  685 2314 2394  893 1115 3600 2572 1098  480 3618 3551 1357 2067 2606 3876  213 1018  949 2479  506  757 3203    0  615 1492 2696 2505 3750 1140 3822 1982 1472  657 3088  122 2392 2168  390 2353 2447 1526 3026 3560 3308 1954 1194 2874 3142 2094  547 2111 2217 1070  556 3127  529 1614 3500 1061 3735 2271 3510 3108  799  941 3237 3262  854 1084 3681  850 1160
 1977 2659 1794 1390 3803 2820 1503 3309 1101  838   27 1498 2348 1099 2227  699 3595 1101  830 2742 2576 3251 2767 1524 3697 1297 1981 3787 1151 2354 2651 1474  909 3857 2636  986  999 3743 3692 1722 2035 2925 3929  489  805 1412 2738  262 1120 3282  615    0 1948 2882 2818 3855 1017 4040 1872 1584 1235 3218  578 2734 2401  535 2637 2493 1404 2986 3676 3428 1802 1047 3087 3098 2227 1163 2442 2385  812 1163 3261  118 2016 3557  448 3904 2213 3767 3110  797 1171 3236 3283  307  756 3878  898  958
   32 1715 1841  929 2731 1463 1286 1779 1195 1357 1925  522  768 1271  536 1340 1987  847 1243  987 2113 1786 2029  627 2082 1020  474 2503  814 1625 1162  776 1629 2259 1753 1473 1012 2512 2417  369 1643 1225 2897 1489 1626  546 1229 1700  834 2237 1492 1948    0 1568 1143 2675 1495 2532 1780 1053  916 2025 1442  992 1043 1415 1066 1703 1588 2363 2479 2241 1859 1545 1664 2469 1250 1222  768 1240 1703 1334 2052 1830  235 2547 2290 2534 1835 2172 2331 1338  903 2447 2418 2010 1811 2434 1249 1632
 1545  499 1545 1501 1166  109 2811  498 2601 2047 2855 1593  802 1795 1036 2545  804 2036 2058  808 1115  398  808 2134  896 2487 1145  961 2082  766  423 2284 2097 1024  576 1957 2292  953  869 1431 1131  661 1333 2583 2172 1891  387 2627 1948  702 2696 2882 1568    0  630 1110 1942 1161 1416 1300 2338  458 2596  784  548 2421  546  685 1678 1094  913  672 1555 1943  236 1160  670 2655  834  497 2214 2771  484 2777 1335  999 3028 1039 1138  941  946 2085 1763 1025  952 2773 2328  996 1984 2062
 1114 1052 1865 1454 1726  532 2429  646 2303 2033 2792 1361  470 1819  640 2348  846 1818 1995  192 1652  678 1395 1764  943 2150  857 1418 1833 1203  302 1915 2176 1119 1123 2016 2049 1448 1342 1150 1482  109 1896 2438 2226 1594  270 2556 1753 1317 2505 2818 1143  630    0 1622 2014 1390 1748 1344 2025 1047 2425  174  521 2306  216 1180 1862 1706 1434 1230 1879 2035  599 1780  908 2342  396  730 2285 2457 1059 2704  938 1597 3051 1417 1567 1031 1573 2052 1648 1655 1581 2776 2405 1301 1946 2153
 2651 1196 2232 2528  219 1212 3920 1024 3696 3020 3828 2686 1907 2757 2140 3604 1056 3115 3062 1814 1478  952 1160 3243 1045 3591 2254  249 3170 1509 1515 3392 2993  978 1222 2880 3374  177  291 2536 1868 1594  339 3617 3084 2993 1456 3613 3020  581 3750 3855 2675 1110 1622    0 2855  749 2111 2293 3439  669 3643 1796 1655 3442 1622 1370 2512 1129  197  446 2234 2839 1029 1080 1657 3753 1923 1542 3108 3869  634 3760 2443  395 3924  413 1748  981  902 3068 2809  828  716 3697 3209  587 2976 2950
 1513 1662  809  603 2793 1897 1820 2405 1399  281  992  975 1573  225 1534 1054 2706  906  430 1989 1563 2330 1751 1422 2806 1468 1292 2803 1013 1347 1788 1476  162 2953 1633   42 1062 2752 2709 1147 1018 2123 2916  938  232 1131 1872  804  824 2277 1140 1017 1495 1942 2014 2855    0 3100  868  673 1311 2235 1018 1974 1529  750 1808 1486  398 1971 2681 2438  821   62 2163 2084 1272 1481 1691 1451  275 1559 2279  938 1442 2545 1087 2934 1198 2866 2093  349  613 2219 2267  844  393 2925  344  144
 2503 1508 2626 2654  967 1220 3818  762 3672 3207 4013 2689 1807 2956 2015 3667  565 3145 3213 1559 1988  794 1635 3150  489 3530 2199  538 3177 1837 1431 3301 3254  332 1566 3117 3392  647  580 2498 2221 1316 1075 3724 3332 2956 1347 3783 3066 1079 3822 4040 2532 1161 1390  749 3100    0 2497 2460 3398  939 3729 1550 1656 3568 1489 1716 2818 1729  724  824 2633 3100  954 1714 1829 3716 1771 1658 3371 3832  896 3934 2321 1076 4187  340 2164  394 1494 3244 2905 1464 1342 3934 3484  206 3142 3218
 1783  989  130  950 2014 1417 2535 1914 2154 1121 1847 1377 1442  891 1535 1876 2220 1569 1234 1807  708 1808  955 1990 2309 2165 1375 2108 1669  663 1455 2092  963 2425  933  906 1795 2038 2019 1422  285 1844 2118 1792 1067 1665 1519 1671 1464 1533 1982 1872 1780 1416 1748 2111  868 2497    0  741 1995 1568 1860 1786 1232 1602 1535  781  471 1122 1958 1738  139  829 1651 1231  840 2234 1571 1026 1066 2329 1612 1801 1618 1762 1849 2270  365 2347 1274 1186 1191 1393 1459 1655 1147 2302 1134  914
 1059 1108  790  258 2265 1244 1857 1745 1519  748 1557  640  916  498  917 1335 2042  911  770 1330 1233 1677 1296 1267 2142 1488  703 2209  997  847 1116 1380  834 2294 1100  679 1163 2171 2114  688  674 1453 2405 1325  893  942 1201 1332  805 1735 1472 1584 1053 1300 1344 2293  673 2460  741    0 1317 1642 1359 1314  857 1149 1137  977  572 1585 2108 1857  808  691 1511 1701  644 1592 1040  803  946 1699 1684 1482  917 2029 1741 2321  886 2206 1644  787  547 1773 1792 1478 1066 2295  689  809
  948 2336 1996 1066 3458 2244  542 2636  280 1048 1219  757 1591 1157 1387  537 2870  427  890 1886 2550 2622 2584  322 2968  171 1204 3299  325 2135 1977  239 1368 3144 2350 1272  271 3289 3207  909 1988 2117 3614  748 1305  447 2056 1045  530 2934  657 1235  916 2338 2025 3439 1311 3398 1995 1317    0 2771  659 1888 1790  781 1908 2252 1612 2891 3243 2994 2012 1373 2480 3006 1832  319 1632 1906 1380  435 2805 1129 1090 3243 1657 3359 2201 3055 2924  990  803 3051 3051 1408 1445 3280  968 1398
 2002  586 1696 1870  707  566 3256  610 3027 2380 3191 2018 1259 2119 1494 2940  829 2447 2412 1235 1060  487  706 2580  885 2924 1592  569 2501  917  880 2728 2381  940  635 2257 2706  530  474 1870 1298 1049  875 2960 2467 2325  834 2971 2354  285 3088 3218 2025  458 1047  669 2235  939 1568 1642 2771    0 2983 1214  992 2788  998  788 1920  870  474  223 1701 2226  463  894 1000 3085 1291  874 2498 3200   44 3120 1790  550 3318  706 1227  883  658 2425 2147  690  586 3079 2605  738 2330 2341
 1473 2466 1819 1116 3623 2519  965 2975  538  743  563 1064 1958  974 1800  121 3243  613  629 2321 2519 2936 2642  957 3344  722 1568 3542  628 2199 2304  897  996 3513 2460  976  442 3513 3447 1281 1948 2528 3765  109  900  896 2389  423  672 3093  122  578 1442 2596 2425 3643 1018 3729 1860 1359  659 2983    0 2317 2073  269 2267 2333 1403 2907 3454 3202 1831 1072 2779 3023 1986  608 2033 2114  955  636 3022  477 1549 3388 1011 3635 2151 3422 2992  677  836 3120 3147  784  974 3585  729 1040
  961 1171 1898 1395 1898  681 2275  816 2167 1970 2707 1254  401 1770  517 2235  997 1706 1920   25 1755  852 1519 1617 1091 2006  754 1592 1713 1286  404 1767 2135 1268 1239 1973 1928 1622 1516 1036 1532  235 2069 2337 2178 1465  403 2471 1648 1480 2392 2734  992  784  174 1796 1974 1550 1786 1314 1888 1214 2317    0  558 2213  280 1280 1855 1838 1608 1401 1913 2000  772 1918  957 2203  292  798 2241 2317 1227 2618  798 1764 2987 1588 1637 1182 1718 1984 1565 1806 1736 2709 2361 1469 1878 2115
 1024  708 1347 1012 1695  455 2265  909 2054 1584 2374 1049  314 1350  532 2014 1195 1498 1571  581 1234  862 1051 1589 1296 1939  600 1509 1539  745  259 1738 1690 1456  763 1536 1750 1501 1417  883  974  623 1858 2069 1750 1343  344 2141 1414 1194 2168 2401 1043  548  521 1655 1529 1656 1232  857 1790  992 2073  558    0 1915  305  764 1347 1386 1458 1212 1362 1543  706 1481  400 2107  408  257 1803 2223 1023 2292  808 1504 2593 1576 1083 1366 1315 1612 1250 1423 1383 2326 1922 1513 1508 1663
 1443 2254 1555  921 3411 2350 1183 2824  745  481  511  968 1836  725 1702  332 3102  570  386 2220 2272 2775 2411 1031 3204  889 1459 3352  629 1974 2157 1009  727 3368 2242  709  516 3318 3257 1192 1703 2412 3548  190  633  883 2244  289  586 2882  390  535 1415 2421 2306 3442  750 3568 1602 1149  781 2788  269 2213 1915    0 2133 2110 1140 2666 3256 3005 1568  804 2614 2781 1788  823 1923 1929  690  873 2829  417 1483 3172  900 3456 1902 3278 2760  416  666 2888 2921  635  720 3415  482  771
 1040  894 1651 1260 1701  437 2342  727 2183 1840 2610 1210  318 1619  533 2196  977 1668 1810  305 1475  721 1243 1668 1078 2043  711 1440 1693 1009  130 1820 1970 1248  961 1812 1909 1454 1356 1011 1272  320 1870 2274 2024 1467  167 2375 1596 1247 2353 2637 1066  546  216 1622 1808 1489 1535 1137 1908  998 2267  280  305 2133    0 1000 1647 1565 1428 1202 1665 1827  599 1648  697 2227  302  526 2081 2343 1018 2525  842 1544 2856 1469 1366 1158 1455 1862 1470 1548 1486 2583 2201 1375 1756 1946
 1691  209  911 1231 1310  720 2778 1171 2477 1665 2467 1506 1070 1402 1261 2311 1470 1870 1724 1304  475 1056  335 2133 1553 2419 1229 1339 1946  139  882 2268 1622 1657  153 1512 2128 1277 1248 1430  510 1252 1440 2293 1715 1831  914 2258 1767  792 2447 2493 1703  685 1180 1370 1486 1716  781  977 2252  788 2333 1280  764 2110 1000    0 1144  662 1202  968  917 1469  911  772  453 2546 1172  509 1737 2656  832 2403 1481 1065 2555 1493  460 1583  673 1718 1521  801  815 2328 1840 1520 1633 1579
 1599 1335  415  665 2436 1651 2143 2164 1739  660 1379 1108 1467  459 1488 1429 2470 1187  787 1873 1172 2075 1382 1662 2567 1778 1274 2481 1293 1008 1601 1743  497 2702 1296  437 1386 2421 2388 1220  648 1967 2551 1330  600 1345 1678 1200 1089 1932 1526 1404 1588 1678 1862 2512  398 2818  471  572 1612 1920 1403 1855 1347 1140 1647 1144    0 1583 2346 2111  428  358 1910 1694 1020 1821 1595 1212  606 1909 1964 1331 1478 2185 1413 2625  811 2618 1717  727  828 1840 1896 1200  700 2634  688  450
 2351  679 1221 1843  974 1179 3424 1458 3103 2196 2960 2157 1699 1941 1906 2900 1698 2495 2282 1863  415 1330  337 2788 1754 3060 1889 1223 2577  760 1436 2921 2080 1797  623 2005 2748 1124 1157 2091  963 1751 1040 2854 2182 2481 1439 2773 2389  652 3026 2986 2363 1094 1706 1129 1971 1729 1122 1585 2891  870 2907 1838 1386 2666 1565  662 1583    0 1038  909 1217 1938 1246  116 1115 3175 1787 1143 2186 3283  899 2909 2139  737 2968 1420  773 1747  236 2256 2130  307  413 2777 2269 1523 2184 2032
 2455 1019 2082 2340  316 1016 3723  854 3500 2839 3649 2491 1710 2576 1944 3413  925 2921 2877 1627 1354  772 1020 3046  930 3395 2058  189 2975 1339 1320 3196 2821  893 1051 2705 3180   86  156 2340 1706 1411  478 3429 2911 2796 1261 3432 2828  428 3560 3676 2479  913 1434  197 2681  724 1958 2108 3243  474 3454 1608 1458 3256 1428 1202 2346 1038    0  252 2085 2667  838 1007 1469 3558 1728 1348 2937 3673  438 3580 2246  352 3756  392 1600  879  803 2886 2619  753  632 3525 3041  532 2793 2780
 2218  778 1864 2088  499  778 3477  708 3250 2591 3401 2241 1474 2329 1708 3161  857 2669 2627 1421 1172  603  824 2801  889 3147 1813  371 2724 1103 1088 2950 2581  902  816 2461 2928  315  282 2092 1477 1219  669 3178 2669 2547 1035 3183 2576  257 3308 3428 2241  672 1230  446 2438  824 1738 1857 2994  223 3202 1401 1212 3005 1202  968 2111  909  252    0 1868 2426  631  904 1217 3308 1499 1096 2697 3423  190 3332 2007  391 3517  540 1385  863  676 2637 2367  666  546 3282 2802  617 2543 2540
 1863 1125   18  993 2131 1556 2549 2053 2156 1088 1778 1431 1561  878 1643 1856 2359 1585 1213 1934  803 1948 1074 2029 2448 2181 1471 2238 1689  801 1589 2124  895 2564 1068  861 1799 2166 2149 1495  424 1976 2229 1757 1002 1705 1654 1614 1483 1658 1954 1802 1859 1555 1879 2234  821 2633  139  808 2012 1701 1831 1913 1362 1568 1665  917  428 1217 2085 1868    0  774 1790 1323  974 2237 1690 1161  991 2328 1745 1738 1708 1879 1752 2402  486 2486 1382 1155 1212 1498 1570 1571 1062 2437 1114  846
 1562 1649  763  642 2773 1902 1882 2412 1460  341 1022 1027 1599  274 1568 1112 2714  968  492 2015 1529 2334 1726 1483 2813 1530 1328 2793 1075 1330 1803 1538  155 2959 1617  103 1124 2740 2699 1193  992 2143 2893  990  247 1190 1886  843  885 2261 1194 1047 1545 1943 2035 2839   62 3100  829  691 1373 2226 1072 2000 1543  804 1827 1469  358 1938 2667 2426  774    0 2167 2051 1273 1542 1719 1455  272 1620 2270  973 1486 2524 1092 2927 1166 2872 2066  408  670 2191 2242  859  385 2922  406  120
 1638  715 1781 1700 1127  268 2933  263 2749 2257 3060 1751  901 2009 1129 2720  569 2203 2259  791 1319  167  993 2256  661 2622 1277  841 2241  999  506 2407 2320  793  790 2177 2454  858  758 1572 1366  590 1297 2771 2393 2034  435 2830 2120  745 2874 3087 1664  236  599 1029 2163  954 1651 1511 2480  463 2779  772  706 2614  599  911 1910 1246  838  631 1790 2167    0 1297  895 2799  900  713 2437 2915  467 2981 1436 1006 3247  879 1368  708 1068 2292 1951 1126 1034 2989 2552  807 2190 2287
 2456  773 1327 1959  910 1250 3539 1495 3220 2310 3073 2270 1795 2056 2005 3017 1721 2611 2397 1943  523 1368  441 2901 1771 3175 1996 1195 2693  873 1519 3034 2191 1803  722 2118 2864 1092 1135 2202 1078 1820  961 2970 2294 2595 1517 2886 2505  651 3142 3098 2469 1160 1780 1080 2084 1714 1231 1701 3006  894 3023 1918 1481 2781 1648  772 1694  116 1007  904 1323 2051 1297    0 1223 3291 1879 1243 2296 3399  919 3022 2244  685 3075 1396  886 1758  236 2371 2246  254  375 2886 2378 1510 2300 2143
 1238  504  960  871 1644  632 2349 1145 2071 1389 2199 1077  663 1132  827 1949 1451 1473 1413  980  884 1062  783 1693 1548 1996  776 1565 1539  384  615 1832 1427 1688  522 1288 1734 1530 1470  983  576 1003 1793 1961 1503 1400  682 1976 1375 1114 2094 2227 1250  670  908 1657 1272 1829  840  644 1832 1000 1986  957  400 1788  697  453 1020 1115 1469 1217  974 1273  895 1223    0 2136  781  194 1544 2249 1041 2125 1029 1419 2359 1678  688 1602 1104 1430 1153 1228 1220 2106 1658 1657 1333 1393
 1254 2639 2222 1336 3768 2562  360 2955   83 1203 1152 1068 1910 1362 1704  501 3188  681 1051 2200 2822 2941 2875  602 3285  212 1523 3616  600 2425 2296  468 1507 3461 2649 1440  439 3605 3524 1227 2253 2432 3923  717 1428  765 2375 1031  788 3243  547 1163 1222 2655 2342 3753 1481 3716 2234 1592  319 3085  608 2203 2107  823 2227 2546 1821 3175 3558 3308 2237 1542 2799 3291 2136    0 1949 2217 1495  116 3119 1075 1405 3551 1608 3678 2465 3372 3219 1138 1056 3346 3351 1392 1539 3599 1143 1544
  741 1108 1675 1106 1997  725 2049 1014 1909 1680 2416  969  130 1484  245 1954 1239 1424 1628  302 1640 1018 1454 1378 1337 1759  466 1741 1437 1147  412 1530 1852 1512 1166 1688 1653 1755 1657  755 1336  495 2165 2050 1892 1198  467 2180 1362 1530 2111 2442  768  834  396 1923 1691 1771 1571 1040 1632 1291 2033  292  408 1923  302 1172 1595 1787 1728 1499 1690 1719  900 1879  781 1949    0  664 1956 2064 1314 2327  550 1832 2696 1767 1469 1423 1701 1692 1273 1803 1752 2417 2076 1667 1587 1833
