137
     1   765  1164  1769  2982  2900  3061  3501  3238  3751  3119  5088  5033  5104  5075  5552  5608  3216  3365  4186  4266  4693  4933  4292  4971  4569  4950  5368  4320  4383  4735  4949  5253  5597  5943  4823  4898  5194  5500  6015  5043  5353  5309  5920  5475  5569  5533  5562  6338  6892  7000  5683  6095  6193  6631  6531  6625  6859  6892  6958  7093  7170  7222  6988  7443  7690  7830  7794  8039  8320  8603  7028  7264  7594  7766  7911  8044  8128  8727  8904  9148  8709  9994  9783  9677  8992  8786  8573  9063  9309  9343  9139  9588  9763  9857 10153 10467 10959 11301 11592 11699 11984 12121 12360 13398 13535 15434 15681 14192 14371 13932 13928 13582 13404 13296 12851 13036 13770 13569 13325 13224 13156 13016 12865 12624 12028 12385 12374 12274 12072 11699 11389 11468 11082 10839 10623 11064
   765     1   451  1038  2271  2319  2446  2979  2719  3304  2828  4764  4770  4863  4865  5411  5609  2502  2690  3450  3523  3962  4203  3632  4273  3949  4302  4704  3884  3926  4231  4434  4684  5022  5363  4419  4479  4712  4999  5485  4667  4992  4898  5468  5229  5274  5227  5227  5899  6436  6576  5010  5434  5555  6011  5888  5950  6210  6250  6332  6442  6537  6630  6428  6876  7095  7240  7225  7472  7764  8089  6543  6811  7165  7319  7505  7677  7787  8422  8616  8824  8325  9750  9508  9367  8620  8355  8115  8575  8823  8834  8498  9050  9220  9308  9648  9892 10388 10783 11057 11191 11519 11629 11808 12808 12915 14760 15091 13639 13859 13455 13429 13079 12869 12727 12329 12593 13361 13208 12965 12909 12885 12753 12618 12236 11643 12072 12098 12118 11992 11612 11273 11293 10897 10610 10249 10644
  1164   451     1   874  2075  2285  2372  2980  2730  3357  2999  4878  4922  5027  5047  5624  5890  2295  2535  3186  3245  3706  3947  3480  4063  3837  4155  4536  3933  3960  4222  4413  4612  4941  5274  4484  4532  4715  4983  5441  4748  5080  4951  5486  5386  5401  5348  5328  5922  6443  6604  4828  5263  5407  5880  5733  5759  6046  6094  6191  6277  6389  6521  6349  6789  6981  7130  7133  7381  7680  8037  6525  6816  7186  7324  7539  7737  7863  8517  8721  8904  8368  9873  9615  9454  8670  8365  8107  8541  8790  8783  8331  8974  9139  9221  9595  9781 10277 10714 10974 11128 11486 11574 11706 12667 12748 14531 14935 13524 13774 13400 13358 13008 12773 12606 12248 12568 13354 13236 12995 12968 12972 12845 12722 12252 11666 12139 12187 12277 12194 11813 11461 11448 11048 10738 10287 10648
  1769  1038   874     1  1236  1429  1502  2133  1892  2542  2325  4098  4183  4300  4342  4955  5332  1466  1673  2419  2498  2928  3169  2619  3238  2966  3293  3684  3109  3124  3363  3549  3739  4067  4401  3666  3705  3860  4119  4570  3940  4275  4122  4634  4647  4629  4570  4533  5072  5584  5754  3984  4413  4547  5015  4876  4921  5193  5237  5329  5425  5529  5651  5475  5915  6112  6260  6260  6508  6807  7164  5659  5957  6332  6463  6690  6901  7036  7701  7912  8077  7522  9076  8806  8630  7826  7504  7242  7670  7919  7910  7481  8101  8266  8348  8721  8913  9409  9841 10101 10254 10614 10701 10836 11808 11901 13725 14085 12658 12903 12526 12485 12135 11903 11741 11375 11696 12485 12376 12136 12121 12139 12016 11901 11390 10806 11297 11358 11503 11466 11085 10720 10672 10271  9941  9435  9784
  2982  2271  2075  1236     1   830   681  1375  1246  1874  2143  3418  3610  3753  3849  4511  5095   235   500  1236  1339  1721  1958  1417  2002  1814  2090  2462  2339  2305  2409  2555  2635  2940  3256  2883  2886  2903  3109  3492  3178  3507  3274  3675  4050  3945  3872  3784  4109  4574  4781  2754  3188  3337  3817  3660  3689  3971  4020  4122  4202  4317  4471  4331  4757  4925  5076  5095  5342  5646  6040  4604  4935  5331  5433  5706  5962  6127  6816  7042  7154  6540  8219  7920  7707  6851  6465  6178  6565  6812  6780  6256  6943  7101  7178  7584  7720  8215  8681  8927  9098  9486  9551  9645 10593 10674 12490 12861 11455 11718 11366 11312 10963 10714 10536 10198 10571 11373 11304 11070 11095 11155 11043 10948 10316  9745 10295 10391 10665 10722 10350  9964  9844  9445  9074  8415  8709
  2900  2319  2285  1429   830     1   233   707   488  1156  1316  2734  2876  3010  3087  3740  4282   927   727  1781  1914  2153  2360  1462  2228  1675  2079  2514  1698  1703  1937  2129  2367  2708  3051  2258  2288  2432  2698  3170  2541  2877  2702  3205  3331  3268  3202  3144  3643  4158  4326  2843  3228  3302  3732  3642  3774  3974  4001  4060  4207  4274  4326  4111  4561  4793  4935  4911  5158  5447  5773  4242  4532  4904  5039  5261  5474  5614  6284  6499  6654  6093  7669  7390  7207  6398  6080  5823  6266  6515  6518  6244  6732  6902  6990  7332  7582  8077  8465  8739  8874  9212  9314  9493 10508 10636 12543 12794 11325 11541 11141 11112 10762 10551 10417 10011 10291 11072 10951 10711 10692 10712 10590 10477  9968  9381  9869  9931 10107 10107  9728  9353  9277  8876  8533  8007  8363
  3061  2446  2372  1502   681   233     1   717   566  1207  1502  2773  2945  3085  3174  3834  4415   734   497  1549  1683  1921  2130  1258  2011  1510  1894  2323  1708  1694  1876  2053  2245  2579  2918  2265  2282  2375  2622  3069  2555  2889  2687  3153  3391  3304  3235  3162  3592  4091  4273  2648  3044  3132  3574  3471  3584  3800  3831  3899  4033  4109  4185  3987  4433  4650  4795  4781  5028  5322  5666  4159  4462  4843  4968  5207  5435  5585  6263  6483  6621  6042  7657  7370  7176  6349  6009  5742  6170  6418  6412  6079  6612  6780  6866  7225  7447  7942  8350  8618  8762  9114  9206  9364 10365 10483 12375 12650 11194 11421 11032 10997 10647 10426 10282  9891 10196 10984 10878 10639 10633 10666 10547 10440  9891  9309  9816  9890 10100 10123  9747  9366  9273  8873  8518  7946  8284
  3501  2979  2980  2133  1375   707   717     1   264   501  1103  2056  2236  2379  2478  3143  3773  1366  1014  1899  2041  2117  2275  1219  2004  1228  1678  2122   998   996  1252  1457  1764  2111  2459  1557  1583  1739  2020  2517  1844  2179  1995  2507  2678  2588  2519  2450  2943  3467  3625  2456  2785  2805  3189  3144  3341  3480  3493  3524  3709  3744  3738  3488  3944  4205  4341  4295  4540  4820  5116  3564  3841  4207  4349  4560  4768  4907  5578  5793  5947  5391  6964  6684  6501  5695  5389  5140  5597  5845  5860  5703  6091  6265  6358  6674  6967  7459  7815  8098  8220  8541  8653  8862  9899 10048 11989 12181 10695 10892 10478 10457 10108  9912  9796  9364  9615 10390 10258 10016  9991 10007  9884  9771  9277  8688  9166  9226  9403  9413  9036  8658  8574  8174  7827  7308  7676
  3238  2719  2730  1892  1246   488   566   264     1   669  1014  2247  2395  2531  2615  3272  3853  1281   970  1948  2089  2223  2399  1377  2170  1450  1893  2338  1219  1233  1513  1719  2024  2370  2718  1778  1813  1995  2281  2780  2058  2394  2230  2759  2847  2781  2715  2659  3194  3722  3876  2672  3017  3049  3442  3389  3572  3725  3740  3776  3955  3995  3998  3751  4207  4465  4601  4557  4803  5083  5379  3824  4097  4460  4605  4810  5011  5144  5810  6023  6186  5639  7190  6915  6738  5941  5644  5398  5858  6106  6122  5957  6354  6528  6621  6936  7230  7721  8077  8361  8482  8801  8915  9125 10162 10310 12247 12444 10958 11154 10739 10719 10370 10175 10059  9627  9875 10647 10511 10269 10239 10250 10125 10009  9531  8941  9411  9467  9626  9620  9242  8867  8795  8394  8055  7558  7932
  3751  3304  3357  2542  1874  1156  1207   501   669     1   912  1579  1739  1880  1977  2642  3286  1865  1508  2324  2465  2472  2599  1526  2260  1378  1823  2245   581   633  1024  1248  1670  2006  2344  1128  1178  1448  1764  2303  1398  1734  1597  2174  2185  2113  2047  1995  2599  3146  3274  2566  2831  2796  3118  3124  3382  3456  3453  3453  3676  3675  3599  3305  3762  4058  4184  4110  4349  4612  4859  3278  3520  3865  4025  4202  4383  4506  5163  5372  5547  5024  6535  6266  6098  5321  5056  4828  5313  5559  5595  5596  5853  6032  6130  6404  6761  7246  7553  7849  7950  8241  8372  8624  9688  9861 11829 11953 10450 10621 10187 10178  9832  9658  9568  9102  9304 10062  9906  9663  9618  9615  9489  9367  8933  8340  8785  8830  8965  8953  8574  8200  8135  7734  7400  6947  7345
  3119  2828  2999  2325  2143  1316  1502  1103  1014   912     1  1970  1944  2037  2049  2636  3037  2234  1966  2961  3103  3216  3378  2319  3096  2259  2712  3143  1343  1449  1893  2116  2571  2899  3230  1754  1848  2246  2578  3133  1942  2240  2235  2884  2402  2460  2420  2444  3274  3838  3913  3468  3743  3705  4013  4031  4294  4361  4354  4345  4579  4568  4459  4139  4592  4910  5028  4934  5166  5412  5605  4014  4202  4504  4693  4806  4926  5011  5620  5805  6034  5594  6926  6693  6569  5874  5692  5501  6019  6260  6323  6463  6611  6793  6897  7117  7546  8019  8268  8578  8650  8895  9053  9362 10449 10647 12630 12680 11167 11300 10839 10850 10510 10368 10310  9805  9929 10653 10452 10208 10120 10074  9938  9798  9506  8910  9280  9287  9294  9196  8814  8464  8468  8071  7785  7504  7955
  5088  4764  4878  4098  3418  2734  2773  2056  2247  1579  1970     1   391   530   718  1295  2161  3371  2995  3561  3687  3508  3538  2619  3078  2220  2487  2730  1084  1142  1287  1335  1789  1931  2116   597   666  1084  1302  1747   347   345   612  1196   666   534   472   476  1459  2006  2013  2942  2967  2773  2836  3002  3403  3265  3212  3112  3424  3312  3017  2621  3018  3396  3476  3319  3517  3706  3786  2244  2339  2588  2798  2861  2960  3042  3660  3853  4069  3630  4997  4746  4607  3907  3755  3596  4138  4370  4463  4935  4788  4974  5085  5231  5752  6201  6371  6693  6738  6950  7123  7479  8584  8816 10801 10764  9253  9359  8886  8906  8572  8453  8425  7888  7970  8686  8483  8240  8156  8122  7990  7857  7537  6942  7317  7335  7408  7377  6998  6627  6577  6177  5861  5536  5996
  5033  4770  4922  4183  3610  2876  2945  2236  2395  1739  1944   391     1   158   332   959  1786  3587  3217  3860  3990  3841  3884  2929  3432  2554  2847  3107  1329  1414  1632  1703  2172  2321  2504   934  1024  1471  1691  2125   727   692  1000  1544   465   563   557   689  1751  2272  2234  3326  3357  3162  3216  3388  3791  3647  3592  3486  3801  3682  3368  2965  3345  3731  3802  3633  3820  3991  4027  2531  2579  2784  3008  3019  3070  3121  3696  3872  4121  3746  4983  4756  4645  4005  3916  3787  4342  4566  4677  5253  5019  5204  5317  5422  5988  6423  6548  6877  6902  7082  7271  7662  8773  9020 10998 10910  9405  9488  9002  9034  8706  8608  8602  8043  8077  8768  8542  8299  8192  8136  7999  7857  7615  7022  7353  7350  7357  7286  6904  6544  6529  6131  5841  5620  6109
  5104  4863  5027  4300  3753  3010  3085  2379  2531  1880  2037   530   158     1   192   802  1635  3734  3365  4017  4147  3998  4040  3087  3588  2712  3001  3257  1484  1571  1788  1855  2318  2458  2630  1090  1178  1613  1822  2237   874   800  1128  1637   371   563   581   746  1811  2314  2256  3471  3493  3291  3329  3509  3918  3762  3704  3592  3911  3784  3455  3049  3417  3807  3872  3696  3877  4037  4049  2583  2607  2790  3019  3008  3037  3076  3633  3802  4063  3714  4900  4680  4580  3966  3902  3787  4346  4566  4685  5315  5034  5219  5333  5418  6005  6433  6537  6868  6884  7050  7245  7651  8763  9018 10990 10880  9380  9452  8961  8998  8673  8584  8587  8020  8034  8714  8479  8236  8122  8057  7919  7774  7561  6970  7283  7273  7258  7174  6792  6435  6432  6035  5754  5570  6070
  5075  4865  5047  4342  3849  3087  3174  2478  2615  1977  2049   718   332   192     1   668  1457  3840  3476  4161  4292  4158  4206  3237  3758  2874  3175  3438  1620  1715  1957  2034  2503  2648  2822  1261  1354  1800  2013  2427  1058   991  1319  1823   446   712   743   922  1982  2473  2399  3657  3683  3483  3520  3701  4109  3952  3894  3781  4100  3972  3638  3230  3592  3983  4046  3866  4042  4195  4190  2746  2754  2918  3152  3119  3127  3152  3684  3844  4120  3801  4920  4713  4626  4044  4008  3907  4470  4685  4812  5483  5167  5351  5466  5533  6138  6559  6643  6977  6983  7134  7336  7757  8870  9131 11097 10964  9469  9529  9033  9075  8754  8675  8689  8113  8103  8771  8524  8283  8157  8081  7942  7793  7618  7030  7320  7300  7253  7148  6766  6416  6430  6035  5768  5635  6147
  5552  5411  5624  4955  4511  3740  3834  3143  3272  2642  2636  1295   959   802   668     1   920  4506  4143  4818  4948  4795  4831  3888  4373  3508  3782  4011  2281  2372  2578  2628  3063  3161  3285  1882  1960  2353  2512  2842  1640  1473  1832  2192   688  1012  1087  1291  2225  2617  2467  4204  4179  3951  3916  4131  4558  4350  4279  4141  4471  4313  3923  3508  3814  4211  4249  4044  4188  4293  4193  2914  2827  2895  3140  3015  2938  2909  3346  3473  3790  3587  4474  4302  4259  3792  3863  3823  4390  4583  4741  5630  5120  5299  5416  5400  6082  6467  6463  6803  6773  6865  7091  7567  8676  8964 10890 10670  9204  9223  8713  8773  8467  8425  8476  7870  7780  8402  8124  7887  7731  7626  7483  7324  7258  6681  6903  6856  6729  6582  6202  5866  5918  5531  5299  5315  5864
  5608  5609  5890  5332  5095  4282  4415  3773  3853  3286  3037  2161  1786  1635  1457   920     1  5128  4787  5566  5702  5599  5656  4664  5213  4321  4631  4890  3034  3143  3412  3489  3948  4067  4202  2717  2810  3240  3420  3762  2507  2377  2731  3112  1604  1932  2005  2210  3127  3480  3299  5098  5091  4868  4835  5051  5477  5268  5197  5056  5387  5224  4822  4408  4692  5088  5116  4902  5028  5104  4942  3781  3650  3658  3904  3711  3558  3474  3769  3842  4206  4154  4676  4574  4601  4308  4493  4510  5067  5234  5418  6457  5811  5983  6100  6005  6750  7095  6998  7339  7267  7283  7536  8073  9160  9475 11326 10992  9589  9550  9027  9112  8832  8840  8940  8305  8106  8647  8322  8096  7891  7735  7587  7412  7536  6988  7094  7000  6715  6468  6098  5806  5946  5585  5432  5695  6282
  3216  2502  2295  1466   235   927   734  1366  1281  1865  2234  3371  3587  3734  3840  4506  5128     1   380  1006  1114  1486  1724  1221  1774  1641  1889  2247  2288  2241  2301  2432  2473  2767  3075  2818  2810  2788  2974  3333  3113  3437  3185  3551  4016  3891  3815  3717  3982  4430  4647  2533  2971  3128  3612  3448  3465  3755  3806  3913  3985  4105  4273  4147  4567  4724  4876  4902  5147  5454  5859  4447  4787  5187  5280  5566  5833  6005  6697  6926  7024  6397  8102  7797  7576  6709  6308  6014  6389  6634  6596  6037  6749  6905  6980  7397  7513  8008  8485  8726  8902  9299  9357  9438 10377 10453 12260 12640 11243 11512 11168 11110 10761 10507 10323  9996 10383 11187 11129 10897 10931 11001 10892 10803 10141  9575 10139 10242 10545 10623 10254  9864  9728  9332  8952  8258  8537
  3365  2690  2535  1673   500   727   497  1014   970  1508  1966  2995  3217  3365  3476  4143  4787   380     1  1054  1187  1450  1670   947  1615  1320  1621  2015  1911  1862  1926  2064  2136  2444  2764  2439  2431  2417  2613  2993  2734  3057  2807  3184  3642  3513  3437  3337  3617  4076  4287  2323  2745  2875  3345  3204  3264  3522  3566  3657  3755  3857  3991  3840  4270  4448  4598  4610  4857  5160  5546  4105  4437  4834  4934  5210  5470  5638  6328  6557  6661  6043  7733  7430  7214  6354  5966  5679  6069  6316  6288  5811  6457  6617  6695  7094  7247  7743  8196  8447  8612  8995  9064  9172 10137 10230 12077 12413 10990 11243 10882 10833 10483 10240 10071  9720 10080 10880 10807 10572 10596 10656 10545 10451  9818  9247  9796  9893 10178 10248  9878  9489  9359  8961  8585  7916  8211
  4186  3450  3186  2419  1236  1781  1549  1899  1948  2324  2961  3561  3860  4017  4161  4818  5566  1006  1054     1   143   521   761   949   987  1397  1382  1579  2542  2447  2306  2347  2168  2368  2603  2966  2914  2707  2782  2981  3245  3523  3204  3377  4227  4025  3942  3798  3768  4114  4375  1785  2232  2454  2955  2733  2652  3003  3072  3215  3219  3379  3641  3605  3976  4059  4214  4284  4519  4831  5296  4059  4435  4847  4891  5233  5550  5753  6447  6688  6717  6036  7841  7512  7254  6346  5869  5548  5845  6081  6005  5229  6102  6243  6304  6777  6781  7269  7808  8018  8225  8663  8685  8689  9564  9607 11346 11789 10452 10754 10455 10377 10034  9751  9535  9269  9734 10544 10542 10321 10405 10522 10428 10364  9568  9031  9658  9800 10237 10409 10058  9659  9452  9069  8655  7794  7994
  4266  3523  3245  2498  1339  1914  1683  2041  2089  2465  3103  3687  3990  4147  4292  4948  5702  1114  1187   143     1   493   722  1069  1015  1506  1457  1618  2675  2578  2425  2457  2257  2442  2663  3090  3036  2815  2878  3056  3367  3641  3317  3471  4352  4145  4061  3914  3855  4187  4452  1802  2245  2479  2980  2747  2643  3006  3079  3229  3218  3386  3667  3647  4007  4076  4231  4309  4541  4853  5328  4123  4502  4914  4951  5300  5623  5829  6522  6763  6784  6097  7911  7580  7317  6406  5919  5595  5878  6112  6030  5210  6116  6253  6312  6794  6777  7262  7813  8017  8229  8675  8689  8678  9537  9572 11290 11750 10430 10739 10449 10367 10026  9737  9514  9261  9742 10552 10559 10340 10432 10557 10465 10406  9589  9058  9694  9842 10297 10481 10133  9734  9518  9137  8719  7836  8022
  4693  3962  3706  2928  1721  2153  1921  2117  2223  2472  3216  3508  3841  3998  4158  4795  5599  1486  1450   521   493     1   242   954   568  1288  1106  1175  2571  2458  2223  2212  1927  2063  2248  2915  2844  2551  2563  2673  3173  3418  3075  3144  4165  3929  3844  3680  3503  3793  4069  1325  1763  2007  2506  2264  2150  2516  2591  2745  2726  2898  3192  3193  3538  3593  3748  3834  4063  4374  4857  3707  4092  4503  4525  4888  5223  5437  6125  6367  6368  5670  7501  7165  6894  5977  5473  5144  5410  5640  5552  4719  5631  5766  5823  6311  6285  6769  7322  7525  7738  8187  8199  8185  9048  9088 10826 11269  9939 10246  9956  9874  9533  9245  9023  8769  9252 10062 10074  9856  9955 10087  9998  9943  9106  8580  9225  9380  9863 10071  9730  9330  9096  8721  8295  7376  7547
  4933  4203  3947  3169  1958  2360  2130  2275  2399  2599  3378  3538  3884  4040  4206  4831  5656  1724  1670   761   722   242     1  1074   483  1336  1074  1050  2648  2528  2254  2218  1884  1980  2133  2951  2872  2542  2521  2580  3197  3423  3073  3088  4185  3935  3849  3678  3427  3685  3968  1150  1574  1834  2327  2072  1932  2311  2389  2551  2516  2695  3010  3035  3363  3399  3554  3649  3874  4185  4678  3581  3971  4379  4389  4762  5106  5325  6008  6251  6236  5531  7372  7033  6755  5835  5318  4984  5231  5459  5363  4491  5430  5562  5617  6113  6067  6549  7112  7308  7526  7981  7987  7962  8816  8852 10585 11032  9709 10020  9736  9651  9311  9019  8794  8548  9042  9851  9872  9657  9763  9903  9818  9768  8909  8390  9044  9206  9713  9939  9604  9204  8955  8585  8154  7205  7360
  4292  3632  3480  2619  1417  1462  1258  1219  1377  1526  2319  2619  2929  3087  3237  3888  4664  1221   947   949  1069   954  1074     1   794   472   676  1076  1631  1524  1358  1406  1301  1566  1861  2022  1967  1770  1876  2155  2298  2575  2257  2472  3284  3077  2994  2849  2881  3278  3519  1394  1805  1928  2402  2258  2334  2578  2620  2711  2811  2911  3055  2928  3346  3509  3660  3682  3928  4234  4641  3265  3622  4029  4102  4413  4706  4895  5591  5827  5889  5236  6995  6676  6436  5548  5117  4815  5174  5418  5376  4866  5529  5686  5762  6176  6305  6801  7267  7511  7683  8079  8138  8231  9190  9285 11143 11467 10045 10303  9950  9896  9547  9299  9126  8782  9163  9967  9914  9683  9727  9810  9705  9624  8927  8365  8945  9061  9421  9550  9191  8795  8618  8228  7828  7065  7326
  4971  4273  4063  3238  2002  2228  2011  2004  2170  2260  3096  3078  3432  3588  3758  4373  5213  1774  1615   987  1015   568   483   794     1   918   597   609  2235  2109  1801  1750  1401  1505  1681  2498  2413  2065  2039  2111  2734  2951  2598  2607  3719  3462  3376  3202  2951  3227  3505   801  1249  1468  1969  1748  1701  2027  2092  2229  2248  2398  2656  2635  2993  3072  3227  3299  3533  3845  4314  3139  3525  3935  3958  4320  4656  4871  5558  5800  5800  5104  6933  6597  6327  5410  4912  4585  4865  5098  5019  4283  5116  5257  5320  5790  5809  6299  6826  7041  7243  7678  7703  7724  8626  8689 10488 10876  9505  9794  9482  9409  9064  8789  8585  8298  8750  9560  9555  9334  9420  9543  9451  9392  8581  8046  8680  8829  9298  9503  9163  8762  8528  8153  7728  6823  7010
  4569  3949  3837  2966  1814  1675  1510  1228  1450  1378  2259  2220  2554  2712  2874  3508  4321  1641  1320  1397  1506  1288  1336   472   918     1   455   896  1319  1195   936   952   839  1127  1445  1627  1557  1311  1404  1699  1887  2144  1813  2001  2879  2652  2568  2413  2410  2814  3050  1229  1570  1628  2065  1968  2124  2301  2327  2390  2534  2601  2686  2521  2954  3149  3296  3297  3544  3845  4227  2812  3162  3567  3648  3950  4238  4425  5121  5357  5424  4776  6526  6209  5972  5088  4670  4374  4752  4998  4968  4571  5141  5303  5384  5775  5949  6446  6881  7137  7296  7675  7747  7872  8859  8973 10870 11144  9697  9938  9568  9522  9172  8938  8782  8411  8761  9560  9492  9258  9291  9364  9257  9172  8503  7935  8501  8610  8955  9080  8720  8324  8150  7759  7362  6620  6898
  4950  4302  4155  3293  2090  2079  1894  1678  1893  1823  2712  2487  2847  3001  3175  3782  4631  1889  1621  1382  1457  1106  1074   676   597   455     1   446  1700  1568  1221  1155   821   986  1234  1914  1825  1469  1458  1600  2142  2354  2001  2039  3124  2865  2780  2606  2406  2732  2996   780  1151  1254  1727  1587  1696  1911  1949  2036  2144  2237  2385  2279  2685  2836  2988  3016  3261  3569  3991  2681  3055  3466  3516  3853  4169  4374  5067  5308  5336  4660  6459  6131  5875  4970  4509  4196  4530  4772  4721  4197  4863  5018  5092  5516  5630  6126  6598  6839  7015  7417  7470  7556  8516  8614 10484 10794  9370  9629  9279  9223  8874  8624  8451  8109  8500  9306  9264  9035  9092  9188  9088  9015  8280  7725  8323  8451  8859  9028  8678  8279  8072  7688  7275  6448  6685
  5368  4704  4536  3684  2462  2514  2323  2122  2338  2245  3143  2730  3107  3257  3438  4011  4890  2247  2015  1579  1618  1175  1050  1076   609   896   446     1  2062  1926  1528  1409   951   956  1084  2192  2088  1659  1557  1538  2384  2549  2188  2086  3335  3049  2965  2777  2396  2635  2919   334   731   891  1389  1202  1261  1511  1560  1673  1742  1859  2070  2029  2398  2502  2656  2712  2950  3262  3718  2536  2924  3333  3351  3717  4057  4276  4959  5202  5195  4496  6329  5992  5720  4803  4304  3977  4267  4503  4431  3798  4544  4691  4759  5211  5273  5766  6267  6495  6685  7106  7143  7196  8132  8217 10068 10402  8997  9270  8938  8873  8526  8264  8077  7760  8184  8993  8974  8750  8828  8944  8850  8788  7996  7454  8079  8225  8690  8899  8560  8160  7921  7547  7120  6219  6416
  4320  3884  3933  3109  2339  1698  1708   998  1219   581  1343  1084  1329  1484  1620  2281  3034  2288  1911  2542  2675  2571  2648  1631  2235  1319  1700  2062     1   136   588   797  1295  1596  1911   561   599   906  1237  1790   847  1182  1018  1601  1734  1606  1533  1454  2022  2572  2694  2351  2536  2445  2701  2754  3065  3074  3056  3029  3282  3250  3118  2797  3250  3568  3685  3594  3828  4080  4302  2715  2945  3286  3449  3622  3804  3931  4593  4805  4972  4444  5972  5698  5524  4741  4478  4254  4745  4991  5034  5122  5302  5483  5583  5839  6223  6703  6990  7290  7383  7667  7802  8068  9141  9326 11302 11397  9890 10052  9613  9608  9263  9095  9014  8538  8727  9483  9326  9083  9039  9039  8914  8794  8353  7760  8207  8255  8409  8416  8040  7661  7579  7179  6837  6367  6766
  4383  3926  3960  3124  2305  1703  1694   996  1233   633  1449  1142  1414  1571  1715  2372  3143  2241  1862  2447  2578  2458  2528  1524  2109  1195  1568  1926   136     1   459   674  1164  1471  1790   579   589   819  1143  1691   874  1202  1000  1544  1802  1652  1575  1480  1973  2515  2651  2216  2402  2314  2579  2625  2932  2948  2932  2908  3157  3130  3010  2697  3152  3463  3583  3498  3734  3991  4228  2646  2890  3240  3396  3583  3779  3913  4582  4798  4954  4410  5969  5688  5507  4710  4430  4197  4680  4927  4963  5014  5224  5404  5503  5771  6138  6620  6921  7218  7317  7610  7739  7994  9061  9240 11212 11323  9819  9989  9555  9546  9200  9026  8938  8470  8674  9436  9288  9045  9009  9017  8893  8777  8312  7720  8180  8234  8410  8431  8056  7674  7582  7181  6832  6331  6719
  4735  4231  4222  3363  2409  1937  1876  1252  1513  1024  1893  1287  1632  1788  1957  2578  3412  2301  1926  2306  2425  2223  2254  1358  1801   936  1221  1528   588   459     1   225   708  1013  1338   698   622   500   769  1286   951  1218   909  1278  1943  1721  1638  1493  1717  2222  2398  1797  1954  1857  2124  2167  2478  2490  2474  2455  2700  2677  2577  2283  2741  3036  3161  3089  3330  3598  3870  2312  2595  2970  3102  3332  3565  3723  4409  4634  4754  4167  5811  5514  5309  4474  4143  3889  4345  4594  4613  4577  4853  5030  5126  5425  5749  6236  6569  6857  6972  7289  7403  7626  8679  8845 10808 10953  9458  9645  9227  9208  8860  8670  8566  8119  8364  9139  9015  8774  8760  8791  8672  8567  8031  7445  7941  8015  8257  8323  7954  7564  7436  7037  6667  6073  6428
  4949  4434  4413  3549  2555  2129  2053  1457  1719  1248  2116  1335  1703  1855  2034  2628  3489  2432  2064  2347  2457  2212  2218  1406  1750   952  1155  1409   797   674   225     1   519   801  1118   783   680   366   570  1067   989  1207   865  1121  1970  1718  1633  1469  1555  2039  2230  1653  1773  1658  1906  1960  2285  2279  2260  2235  2486  2457  2353  2061  2518  2811  2937  2867  3109  3379  3660  2113  2409  2792  2915  3161  3408  3575  4265  4495  4599  3996  5671  5367  5153  4305  3956  3694  4141  4390  4404  4353  4639  4815  4909  5217  5529  6017  6359  6644  6763  7087  7197  7411  8461  8624 10585 10736  9243  9436  9022  9000  8651  8458  8349  7909  8164  8944  8827  8587  8581  8620  8503  8402  7841  7257  7766  7848  8115  8199  7833  7440  7297  6901  6522  5893  6236
  5253  4684  4612  3739  2635  2367  2245  1764  2024  1670  2571  1789  2172  2318  2503  3063  3948  2473  2136  2168  2257  1927  1884  1301  1401   839   821   951  1295  1164   708   519     1   347   695  1281  1168   710   639   861  1445  1599  1238  1220  2385  2100  2016  1829  1600  1977  2221  1156  1254  1151  1449  1465  1771  1793  1784  1784  2009  2007  1974  1744  2195  2442  2579  2545  2791  3081  3426  1975  2323  2729  2810  3113  3406  3599  4295  4533  4589  3938  5697  5376  5135  4250  3835  3544  3939  4187  4171  3946  4369  4537  4624  4983  5218  5711  6106  6375  6518  6877  6963  7126  8146  8287 10225 10432  8959  9178  8789  8753  8402  8186  8052  7648  7961  8755  8672  8437  8461  8529  8421  8334  7684  7111  7667  7773  8120  8257  7901  7503  7319  6929  6528  5785  6076
  5597  5022  4941  4067  2940  2708  2579  2111  2370  2006  2899  1931  2321  2458  2648  3161  4067  2767  2444  2368  2442  2063  1980  1566  1505  1127   986   956  1596  1471  1013   801   347     1   348  1491  1370   863   650   615  1602  1691  1336  1132  2474  2165  2084  1886  1448  1746  2012  1062  1037   872  1114  1162  1508  1479  1461  1448  1687  1670  1628  1409  1855  2095  2233  2204  2451  2744  3105  1705  2072  2483  2542  2869  3183  3388  4081  4322  4352  3682  5474  5146  4893  3993  3552  3251  3626  3872  3848  3602  4035  4202  4287  4657  4875  5370  5774  6039  6187  6555  6634  6787  7803  7942  9879 10088  8619  8843  8459  8420  8069  7848  7710  7313  7640  8437  8365  8131  8166  8245  8140  8059  7376  6809  7380  7496  7879  8042  7692  7293  7087  6703  6291  5500  5771
  5943  5363  5274  4401  3256  3051  2918  2459  2718  2344  3230  2116  2504  2630  2822  3285  4202  3075  2764  2603  2663  2248  2133  1861  1681  1445  1234  1084  1911  1790  1338  1118   695   348     1  1741  1617  1104   818   498  1807  1838  1505  1140  2599  2274  2198  1994  1361  1552  1839  1082   910   667   791   893  1288  1185  1155  1118  1379  1340  1281  1077  1516  1748  1887  1863  2111  2407  2785  1461  1845  2256  2289  2641  2976  3193  3878  4121  4123  3435  5255  4920  4655  3745  3276  2963  3314  3559  3525  3257  3701  3866  3949  4331  4532  5027  5441  5702  5855  6231  6304  6446  7458  7595  9531  9744  8277  8505  8127  8085  7734  7509  7367  6976  7317  8117  8055  7823  7868  7958  7856  7782  7067  6505  7092  7218  7635  7825  7483  7083  6856  6477  6056  5215  5466
  4823  4419  4484  3666  2883  2258  2265  1557  1778  1128  1754   597   934  1090  1261  1882  2717  2818  2439  2966  3090  2915  2951  2022  2498  1627  1914  2192   561   579   698   783  1281  1491  1741     1   125   638   946  1484   296   625   487  1132  1262  1080  1002   901  1524  2086  2178  2431  2516  2361  2515  2630  2997  2925  2888  2822  3110  3036  2823  2462  2899  3248  3350  3230  3452  3681  3852  2263  2453  2772  2949  3094  3260  3379  4037  4247  4420  3907  5413  5140  4970  4201  3964  3758  4268  4510  4570  4810  4859  5043  5147  5366  5800  6270  6517  6826  6903  7164  7311  7609  8696  8899 10884 10929  9418  9562  9111  9114  8771  8620  8557  8058  8214  8960  8791  8548  8494  8489  8362  8240  7824  7230  7661  7703  7849  7859  7482  7102  7019  6618  6278  5831  6246
  4898  4479  4532  3705  2886  2288  2282  1583  1813  1178  1848   666  1024  1178  1354  1960  2810  2810  2431  2914  3036  2844  2872  1967  2413  1557  1825  2088   599   589   622   680  1168  1370  1617   125     1   514   822  1363   331   629   420  1037  1322  1114  1032   910  1441  2000  2105  2321  2398  2239  2391  2507  2875  2801  2764  2699  2986  2913  2704  2346  2785  3131  3235  3118  3342  3575  3757  2166  2369  2698  2869  3028  3206  3333  3998  4212  4374  3847  5382  5103  4926  4144  3891  3677  4180  4424  4479  4693  4763  4946  5049  5278  5700  6172  6429  6735  6817  7087  7229  7517  8601  8800 10784 10841  9331  9480  9034  9034  8690  8533  8465  7973  8141  8892  8730  8487  8440  8441  8315  8197  7759  7166  7608  7657  7822  7845  7470  7087  6993  6593  6245  5770  6176
  5194  4712  4715  3860  2903  2432  2375  1739  1995  1448  2246  1084  1471  1613  1800  2353  3240  2788  2417  2707  2815  2551  2542  1770  2065  1311  1469  1659   906   819   500   366   710   863  1104   638   514     1   334   891   745   893   535   778  1677  1401  1316  1138  1217  1729  1898  1859  1898  1729  1882  1993  2365  2289  2253  2194  2476  2411  2231  1895  2346  2672  2785  2689  2922  3175  3412  1836  2103  2473  2611  2833  3066  3225  3913  4141  4255  3667  5317  5017  4810  3974  3651  3403  3872  4120  4150  4232  4406  4586  4685  4960  5320  5802  6108  6402  6506  6810  6933  7177  8243  8423 10397 10506  9004  9179  8753  8739  8392  8212  8121  7658  7881  8652  8521  8280  8262  8291  8173  8067  7539  6951  7442  7515  7762  7839  7471  7080  6943  6545  6171  5576  5938
  5500  4999  4983  4119  3109  2698  2622  2020  2281  1764  2578  1302  1691  1822  2013  2512  3420  2974  2613  2782  2878  2563  2521  1876  2039  1404  1458  1557  1237  1143   769   570   639   650   818   946   822   334     1   557   989  1043   695   597  1825  1517  1435  1238  1012  1471  1674  1704  1674  1471  1574  1710  2102  1990  1949  1877  2169  2091  1898  1562  2014  2338  2452  2358  2593  2850  3104  1545  1840  2227  2346  2599  2859  3035  3729  3963  4050  3434  5136  4825  4602  3744  3387  3125  3577  3826  3845  3898  4092  4270  4367  4658  4998  5482  5803  6093  6205  6521  6635  6864  7924  8099 10070 10192  8694  8878  8459  8440  8092  7905  7806  7353  7597  8375  8257  8017  8013  8055  7940  7842  7272  6687  7200  7286  7574  7681  7319  6923  6762  6368  5980  5326  5666
  6015  5485  5441  4570  3492  3170  3069  2517  2780  2303  3133  1747  2125  2237  2427  2842  3762  3333  2993  2981  3056  2673  2580  2155  2111  1699  1600  1538  1790  1691  1286  1067   861   615   498  1484  1363   891   557     1  1476  1437  1143   661  2163  1831  1760  1555   868  1133  1398  1573  1398  1133  1093  1290  1718  1526  1468  1367  1678  1571  1343  1007  1462  1782  1896  1808  2046  2313  2604  1114  1467  1876  1949  2261  2570  2774  3467  3708  3743  3081  4861  4535  4286  3393  2975  2687  3101  3349  3349  3342  3574  3749  3843  4163  4463  4951  5300  5581  5707  6046  6145  6346  7394  7560  9526  9670  8179  8377  7971  7944  7595  7395  7283  6848  7127  7916  7822  7585  7603  7669  7560  7474  6833  6257  6806  6912  7272  7429  7079  6679  6477  6091  5683  4925  5225
  5043  4667  4748  3940  3178  2541  2555  1844  2058  1398  1942   347   727   874  1058  1640  2507  3113  2734  3245  3367  3173  3197  2298  2734  1887  2142  2384   847   874   951   989  1445  1602  1807   296   331   745   989  1476     1   337   345  1006   992   788   708   608  1348  1913  1972  2599  2638  2455  2551  2698  3089  2974  2927  2841  3144  3047  2787  2405  2824  3190  3281  3141  3353  3564  3695  2118  2269  2563  2754  2869  3013  3121  3769  3975  4160  3670  5137  4870  4708  3959  3751  3561  4086  4324  4398  4745  4703  4888  4995  5184  5656  6117  6332  6647  6711  6954  7111  7432  8528  8743 10730 10742  9229  9359  8899  8908  8569  8429  8381  7866  7994  8730  8550  8306  8243  8228  8100  7975  7589  6993  7407  7442  7569  7570  7193  6815  6738  6337  6002  5591  6022
  5353  4992  5080  4275  3507  2877  2889  2179  2394  1734  2240   345   692   800   991  1473  2377  3437  3057  3523  3641  3418  3423  2575  2951  2144  2354  2549  1182  1202  1218  1207  1599  1691  1838   625   629   893  1043  1437   337     1   362   858   788   512   427   281  1117  1670  1694  2732  2716  2502  2530  2712  3124  2962  2905  2795  3112  2990  2681  2282  2675  3055  3133  2975  3173  3364  3453  1902  2011  2278  2480  2568  2694  2795  3438  3642  3832  3357  4802  4536  4378  3642  3457  3283  3818  4053  4139  4591  4458  4643  4753  4914  5419  5872  6058  6378  6431  6658  6823  7164  8266  8491 10478 10460  8948  9066  8600  8614  8277  8148  8111  7583  7690  8418  8230  7986  7917  7899  7769  7643  7274  6678  7080  7112  7232  7235  6859  6479  6402  6001  5667  5274  5716
  5309  4898  4951  4122  3274  2702  2687  1995  2230  1597  2235   612  1000  1128  1319  1832  2731  3185  2807  3204  3317  3075  3073  2257  2598  1813  2001  2188  1018  1000   909   865  1238  1336  1505   487   420   535   695  1143   345   362     1   668  1149   866   781   606  1039  1604  1692  2372  2368  2164  2227  2390  2792  2655  2604  2509  2817  2713  2444  2061  2480  2845  2937  2799  3013  3229  3377  1792  1968  2285  2463  2611  2786  2915  3583  3799  3956  3428  4971  4689  4509  3724  3478  3272  3784  4026  4089  4401  4385  4569  4675  4883  5332  5798  6033  6344  6418  6678  6825  7128  8218  8426 10412 10446  8934  9076  8625  8627  8285  8135  8076  7573  7728  8476  8311  8068  8021  8022  7897  7780  7342  6748  7189  7238  7414  7450  7077  6691  6587  6187  5834  5352  5761
  5920  5468  5486  4634  3675  3205  3153  2507  2759  2174  2884  1196  1544  1637  1823  2192  3112  3551  3184  3377  3471  3144  3088  2472  2607  2001  2039  2086  1601  1544  1278  1121  1220  1132  1140  1132  1037   778   597   661  1006   858   668     1  1521  1186  1120   918   439   972  1121  2178  2049  1792  1725  1944  2376  2159  2092  1965  2289  2150  1824  1425  1826  2201  2284  2137  2347  2561  2721  1131  1346  1701  1852  2057  2290  2455  3146  3377  3480  2890  4552  4247  4034  3197  2887  2654  3147  3392  3443  3747  3728  3911  4016  4244  4669  5138  5395  5700  5786  6067  6202  6482  7565  7767  9752  9806  8297  8453  8014  8008  7663  7500  7429  6941  7131  7893  7752  7511  7487  7514  7395  7290  6773  6183  6666  6738  6995  7089  6726  6331  6179  5783  5402  4802  5176
  5475  5229  5386  4647  4050  3331  3391  2678  2847  2185  2402   666   465   371   446   688  1604  4016  3642  4227  4352  4165  4185  3284  3719  2879  3124  3335  1734  1802  1943  1970  2385  2474  2599  1262  1322  1677  1825  2163   992   788  1149  1521     1   337   404   608  1609  2066  1972  3520  3491  3265  3244  3452  3875  3679  3612  3482  3809  3662  3296  2883  3221  3615  3668  3478  3644  3783  3757  2349  2330  2478  2714  2674  2684  2714  3263  3431  3695  3359  4530  4309  4209  3606  3563  3464  4028  4241  4371  5089  4729  4913  5028  5088  5700  6117  6198  6531  6539  6694  6893  7311  8425  8686 10652 10524  9027  9092  8599  8638  8315  8233  8244  7670  7670  8346  8109  7866  7751  7686  7549  7404  7193  6603  6912  6902  6895  6821  6440  6080  6067  5670  5385  5205  5710
  5569  5274  5401  4629  3945  3268  3304  2588  2781  2113  2460   534   563   563   712  1012  1932  3891  3513  4025  4145  3929  3935  3077  3462  2652  2865  3049  1606  1652  1721  1718  2100  2165  2274  1080  1114  1401  1517  1831   788   512   866  1186   337     1    86   281  1283  1762  1694  3219  3172  2940  2910  3120  3546  3344  3277  3146  3473  3326  2963  2550  2896  3289  3346  3161  3333  3484  3487  2037  2046  2229  2457  2457  2510  2568  3161  3346  3579  3186  4478  4236  4110  3449  3353  3229  3787  4008  4124  4776  4472  4657  4771  4863  5443  5872  5987  6317  6339  6521  6708  7100  8212  8462 10437 10348  8843  8928  8444  8474  8145  8045  8040  7481  7520  8218  8000  7757  7661  7616  7481  7345  7066  6472  6821  6829  6880  6844  6465  6094  6050  5649  5341  5068  5550
  5533  5227  5348  4570  3872  3202  3235  2519  2715  2047  2420   472   557   581   743  1087  2005  3815  3437  3942  4061  3844  3849  2994  3376  2568  2780  2965  1533  1575  1638  1633  2016  2084  2198  1002  1032  1316  1435  1760   708   427   781  1120   404    86     1   205  1240  1734  1681  3137  3094  2864  2842  3049  3473  3277  3211  3083  3409  3265  2910  2499  2852  3244  3304  3123  3300  3457  3474  2004  2029  2227  2452  2467  2532  2598  3201  3390  3616  3207  4528  4282  4150  3474  3364  3230  3786  4009  4121  4740  4464  4649  4762  4866  5434  5867  5994  6322  6351  6540  6724  7107  8217  8464 10442 10365  8858  8948  8467  8494  8164  8059  8048  7494  7545  8249  8036  7792  7701  7660  7527  7392  7097  6503  6861  6873  6936  6907  6528  6156  6106  5705  5392  5098  5573
  5562  5227  5328  4533  3784  3144  3162  2450  2659  1995  2444   476   689   746   922  1291  2210  3717  3337  3798  3914  3680  3678  2849  3202  2413  2606  2777  1454  1480  1493  1469  1829  1886  1994   901   910  1138  1238  1555   608   281   606   918   608   281   205     1  1067  1584  1559  2941  2892  2660  2639  2844  3268  3073  3008  2882  3207  3066  2719  2309  2673  3062  3127  2952  3135  3303  3346  1844  1897  2124  2340  2388  2484  2569  3196  3395  3600  3155  4547  4289  4141  3431  3284  3132  3680  3909  4009  4571  4343  4529  4641  4768  5311  5752  5904  6229  6268  6475  6650  7015  8122  8360 10343 10292  8781  8885  8411  8432  8098  7982  7959  7417  7494  8211  8011  7767  7688  7660  7528  7399  7062  6467  6849  6872  6971  6964  6587  6209  6141  5740  5413  5061  5520
