202
    1 1416 1534 1834 1702 1879 1952 1855 2263 2256 2425 2257 1941 1866 2118 1593 2342 2428 2347 2321 2359 2683 2846 2846 3009 2424 2630 2707 2707 2104 2305 2264 2383 2462 2598 2736 2748 2847 2919 2875 2839 2812 2705 2747 2812 2877 2856 2919 2919 3024 2216 2444 2558 2336 2395 2558 2552 2555 2519 2574 2638 2705 2681 2636 2681 2802 3076 3077 2137 2137 2312 2468 2425 3023 3471 4844 4650 4334 4519 4292 4209 4371 3766 3358 3294 3592 3551 3532 3759 3960 3894 3394 3352 3471 3149 3275 3312 3435 3046 3176 3307 3439 2907 2976 3009 2943 3009 3009 3009 3009 3009 3143 3278 3346 3346 3415 3415 2946 3044 3017 3159 3231 3017 3065 3303 3212 2802 2802 2897 2897 2972 3197 3348 3434 3582 3499 2863 3020 3177 3256 3334 3013 3173 3172 3253 3031 3257 3431 3515 3682 3697 3565 3588 3393 3526 3532 3815 3794 3708 3830 3979 4126 3691 3819 3890 4039 3375 3464 3747 3592 3656 3954 3803 3955 3726 3881 3964 4112 4410 4199 4277 4370 4528 3417 3413 3571 3578 3733 3885 3751 3998 3931 4161 4243 4547 4487 3971 4201 4080 4250 4515 5203
 1416    1  345  427  348  498  542  439  848  850 1056  895  565  544  855  564  936 1022 1012 1120 1060 1359 1514 1514 1650 1252 1378 1447 1447 1185 1289 1197 1276 1450 1542 1644 1562 1688 1749 1755 1773 1803 1673 1757 1803 1851 1887 1932 1932 2060 1394 1504 1635 1523 1549 1635 1699 1772 1755 1781 1883 1987 2054 2039 2054 2177 2514 2680 1561 1561 1686 1817 1899 2991 3997 5113 4047 3721 3753 3415 3308 3451 3084 2660 2563 2815 2646 2546 2854 3060 2929 2481 2402 2497 2154 2254 2326 2426 2028 2130 2238 2352 1826 1881 1952 1901 1952 1952 1952 1952 1952 2061 2175 2234 2234 2294 2294 1813 1937 1872 1996 2059 1872 1876 2124 2008 1569 1569 1690 1690 1756 1962 2103 2213 2352 2246 1589 1735 1885 1960 2036 1700 1855 1831 1933 1628 1896 2054 2138 2306 2310 2158 2176 1984 2111 2469 2753 2701 2590 2672 2841 3008 2543 2633 2700 2869 2189 2303 2565 2391 2423 2711 2539 2688 2441 2593 2655 2823 3139 2891 2969 3046 3206 2141 2112 2266 2234 2406 2577 2391 2639 2558 2804 2887 3210 3135 2576 2820 2678 2851 3103 3800
 1534  345    1  547  584  657  621  480  816  772  896  728  438  337  595  223  854  936  814  834  830 1151 1314 1314 1475  958 1122 1197 1197  842  957  872  963 1121 1222 1334 1280 1398 1464 1454 1459 1479 1351 1430 1479 1531 1558 1606 1606 1733 1050 1166 1298 1178 1206 1298 1357 1428 1411 1437 1539 1642 1709 1696 1709 1833 2170 2342 1225 1225 1345 1473 1561 2683 3756 4820 3703 3377 3416 3087 2982 3127 2740 2316 2220 2475 2316 2227 2525 2732 2609 2151 2076 2175 1832 1937 2005 2110 1708 1817 1932 2050 1517 1576 1640 1584 1640 1640 1640 1640 1640 1755 1876 1937 1937 2000 2000 1517 1636 1581 1712 1779 1581 1600 1847 1739 1306 1306 1418 1418 1489 1705 1852 1952 2097 2001 1349 1503 1658 1736 1814 1485 1645 1639 1724 1521 1723 1900 1983 2149 2168 2054 2089 1886 2046 2163 2450 2404 2299 2392 2557 2719 2259 2362 2432 2595 1915 2022 2293 2124 2170 2464 2301 2452 2213 2367 2442 2599 2907 2678 2757 2844 3003 1906 1892 2049 2046 2205 2364 2218 2464 2398 2628 2710 3018 2955 2444 2669 2558 2726 3009 3681
 1834  427  547    1  187  116  119  116  456  492  752  621  354  447  716  738  572  653  759  985  841 1082 1221 1221 1324 1120 1167 1223 1223 1225 1255 1147 1187 1396 1451 1522 1385 1519 1568 1605 1654 1715 1583 1683 1715 1749 1814 1845 1845 1976 1448 1483 1609 1563 1570 1609 1700 1797 1791 1800 1910 2020 2118 2116 2118 2234 2572 2786 1695 1695 1786 1893 2015 3192 4301 5340 4033 3713 3685 3312 3198 3328 3070 2658 2554 2775 2558 2425 2757 2957 2802 2396 2305 2383 2048 2128 2215 2299 1917 1999 2089 2186 1695 1737 1826 1786 1826 1826 1826 1826 1826 1913 2009 2060 2060 2112 2112 1651 1783 1700 1804 1859 1700 1675 1916 1789 1356 1356 1489 1489 1544 1724 1852 1974 2104 1986 1343 1472 1608 1679 1750 1416 1559 1516 1633 1247 1560 1700 1783 1950 1941 1767 1775 1592 1702 2312 2586 2519 2399 2455 2631 2803 2336 2401 2465 2641 1974 2098 2339 2158 2170 2443 2264 2407 2153 2300 2347 2524 2847 2578 2656 2720 2879 1868 1822 1969 1906 2089 2270 2046 2293 2201 2457 2540 2873 2788 2198 2452 2292 2467 2700 3407
 1702  348  584  187    1  181  291  285  633  677  938  804  518  584  876  798  755  835  941 1149 1020 1268 1407 1407 1508 1285 1347 1405 1405 1346 1398 1293 1344 1546 1611 1688 1561 1694 1745 1777 1821 1875 1743 1840 1875 1912 1971 2006 2006 2136 1567 1625 1753 1687 1701 1753 1837 1928 1919 1933 2041 2150 2239 2232 2239 2357 2696 2895 1789 1789 1893 2008 2117 3264 4323 5403 4181 3859 3846 3480 3366 3499 3216 2800 2698 2927 2721 2594 2922 3124 2973 2558 2469 2551 2213 2298 2382 2469 2083 2169 2263 2363 1864 1909 1995 1953 1995 1995 1995 1995 1995 2086 2185 2237 2237 2291 2291 1826 1956 1876 1983 2039 1876 1855 2097 1972 1537 1537 1668 1668 1726 1908 2037 2158 2289 2171 1527 1658 1794 1865 1936 1602 1745 1702 1818 1422 1743 1880 1963 2129 2117 1935 1938 1760 1858 2487 2763 2698 2579 2638 2814 2985 2518 2586 2650 2825 2157 2280 2522 2342 2355 2629 2450 2593 2339 2486 2532 2710 3033 2763 2840 2903 3063 2054 2008 2155 2089 2274 2455 2228 2473 2379 2638 2721 3055 2968 2371 2628 2461 2636 2860 3572
 1879  498  657  116  181    1  143  223  471  531  804  690  454  557  813  852  602  677  829 1077  919 1138 1268 1268 1356 1210 1241 1292 1292 1336 1359 1250 1285 1497 1546 1611 1464 1598 1645 1688 1743 1808 1677 1779 1808 1840 1909 1939 1939 2069 1559 1587 1711 1672 1678 1711 1805 1904 1899 1908 2018 2128 2228 2227 2228 2343 2681 2898 1810 1810 1899 2004 2128 3307 4412 5455 4133 3813 3777 3398 3282 3410 3170 2761 2656 2872 2648 2509 2845 3044 2884 2487 2394 2469 2136 2213 2303 2382 2006 2083 2169 2263 1781 1821 1912 1875 1912 1912 1912 1912 1912 1995 2086 2135 2135 2185 2185 1731 1864 1777 1876 1929 1777 1745 1983 1855 1427 1427 1561 1561 1613 1785 1908 2033 2158 2037 1405 1527 1658 1725 1794 1464 1602 1552 1673 1251 1586 1715 1797 1963 1947 1760 1761 1584 1679 2389 2660 2590 2469 2518 2695 2868 2402 2460 2522 2700 2039 2166 2399 2217 2223 2491 2309 2450 2195 2339 2380 2560 2885 2608 2685 2745 2903 1916 1865 2008 1933 2120 2304 2065 2309 2212 2473 2556 2893 2803 2198 2458 2286 2461 2681 3395
 1952  542  621  119  291  143    1  143  343  392  663  547  334  454  683  793  466  545  686  943  778  996 1128 1128 1221 1075 1098 1149 1149 1228 1236 1126 1154 1369 1413 1473 1323 1457 1503 1548 1605 1673 1543 1646 1673 1704 1775 1804 1804 1933 1450 1463 1586 1559 1561 1586 1683 1786 1783 1788 1899 2010 2116 2117 2116 2228 2565 2791 1716 1716 1797 1896 2027 3222 4362 5374 4002 3683 3640 3258 3143 3269 3041 2634 2528 2740 2511 2370 2707 2905 2743 2351 2257 2330 1999 2073 2164 2242 1868 1944 2028 2121 1642 1681 1774 1737 1774 1774 1774 1774 1774 1854 1944 1993 1993 2043 2043 1590 1723 1636 1734 1786 1636 1603 1840 1712 1284 1284 1418 1418 1471 1642 1766 1890 2017 1896 1262 1385 1517 1585 1655 1324 1463 1416 1535 1133 1454 1589 1672 1838 1827 1650 1657 1475 1583 2247 2518 2448 2326 2375 2552 2725 2259 2318 2380 2558 1897 2023 2256 2075 2082 2351 2169 2311 2057 2202 2245 2424 2748 2475 2552 2614 2773 1776 1726 1871 1800 1986 2169 1937 2183 2089 2347 2430 2765 2678 2083 2339 2176 2350 2582 3290
 1855  439  480  116  285  223  143    1  410  422  663  522  239  334  601  652  506  592  657  871  735  989 1133 1133 1246 1006 1062 1120 1120 1114 1140 1032 1073 1281 1337 1409 1276 1410 1461 1494 1542 1600 1469 1568 1600 1635 1699 1731 1731 1862 1336 1368 1494 1450 1456 1494 1585 1683 1677 1686 1796 1906 2006 2004 2006 2121 2459 2676 1590 1590 1677 1782 1906 3092 4221 5242 3918 3597 3571 3200 3086 3217 2955 2543 2439 2660 2444 2313 2644 2844 2691 2282 2192 2271 1934 2016 2103 2187 1804 1887 1979 2078 1583 1626 1714 1673 1714 1714 1714 1714 1714 1803 1901 1952 1952 2006 2006 1542 1673 1592 1698 1755 1592 1570 1813 1688 1252 1252 1383 1383 1441 1625 1756 1876 2008 1892 1245 1378 1518 1589 1662 1326 1473 1436 1548 1195 1487 1635 1719 1886 1883 1723 1738 1548 1672 2203 2478 2413 2295 2355 2529 2701 2234 2303 2368 2543 1872 1995 2239 2059 2075 2352 2174 2319 2067 2215 2266 2441 2763 2499 2577 2645 2805 1777 1735 1885 1831 2011 2189 1978 2225 2138 2391 2473 2803 2722 2146 2395 2245 2418 2665 3365
 2263  848  816  456  633  471  343  410    1  112  376  334  388  522  582  921  142  207  454  780  564  699  813  813  887  895  848  884  884 1176 1122 1012 1002 1225 1236 1266 1083 1215 1250 1316 1394 1482 1358 1467 1482 1500 1590 1607 1607 1733 1387 1339 1448 1476 1463 1448 1561 1677 1683 1675 1786 1897 2023 2034 2023 2125 2452 2711 1699 1699 1748 1822 1979 3213 4438 5365 3813 3501 3419 3018 2899 3017 2865 2475 2366 2550 2292 2131 2479 2670 2495 2138 2037 2098 1781 1840 1938 2003 1652 1709 1779 1859 1419 1448 1549 1523 1549 1549 1549 1549 1549 1612 1687 1728 1728 1772 1772 1348 1480 1383 1465 1510 1383 1331 1558 1426 1019 1019 1154 1154 1197 1347 1461 1589 1708 1583  973 1081 1202 1266 1333 1008 1139 1084 1208  792 1115 1247 1330 1496 1486 1315 1329 1140 1264 1988 2247 2170 2044 2079 2257 2432 1970 2015 2074 2254 1609 1739 1956 1774 1770 2030 1847 1985 1730 1872 1910 2091 2417 2138 2215 2274 2433 1458 1401 1541 1462 1649 1835 1595 1841 1747 2005 2088 2423 2336 1743 1997 1839 2013 2256 2957
 2256  850  772  492  677  531  392  422  112    1  281  223  335  456  476  853   87  174  345  668  454  612  738  738  832  784  746  786  786 1070 1011  901  891 1114 1125 1158  979 1113 1150 1212 1287 1372 1248 1357 1372 1392 1480 1498 1498 1625 1279 1228 1336 1367 1353 1336 1450 1567 1572 1564 1675 1786 1912 1924 1912 2014 2341 2601 1595 1595 1640 1713 1872 3108 4344 5259 3705 3392 3315 2918 2799 2918 2755 2364 2255 2441 2187 2029 2375 2568 2395 2032 1932 1995 1675 1736 1834 1901 1546 1606 1679 1762 1313 1344 1444 1416 1444 1444 1444 1444 1444 1510 1589 1632 1632 1678 1678 1246 1378 1283 1369 1417 1283 1236 1468 1337  922  922 1057 1057 1103 1261 1381 1507 1630 1508  884 1000 1128 1195 1264  934 1072 1025 1144  779 1069 1214 1297 1465 1463 1311 1333 1138 1280 1891 2154 2078 1954 1995 2172 2347 1883 1934 1995 2173 1520 1649 1874 1692 1694 1961 1779 1920 1665 1811 1855 2034 2357 2086 2164 2228 2388 1386 1335 1480 1414 1597 1779 1557 1804 1717 1970 2052 2383 2301 1727 1974 1829 2002 2260 2952
 2425 1056  896  752  938  804  663  663  376  281    1  169  493  560  399  910  239  223  140  475  238  334  470  470  594  563  475  508  508  942  832  730  687  905  891  905  710  842  875  945 1029 1124 1005 1116 1124 1137 1234 1246 1246 1370 1128 1029 1124 1196 1170 1124 1246 1370 1382 1365 1473 1582 1720 1739 1720 1813 2131 2409 1469 1469 1487 1539 1714 2961 4255 5100 3448 3139 3046 2643 2524 2641 2506 2126 2015 2186 1921 1756 2105 2295 2119 1769 1666 1724 1411 1466 1565 1628 1283 1336 1403 1484 1050 1075 1178 1155 1178 1178 1178 1178 1178 1237 1311 1353 1353 1398 1398  974 1106 1008 1090 1137 1008  957 1187 1056  644  644  779  779  823  982 1104 1229 1355 1235  604  723  857  928 1000  665  811  777  886  637  841 1008 1092 1259 1274 1165 1209 1002 1183 1613 1874 1798 1674 1716 1893 2067 1603 1656 1718 1896 1240 1369 1596 1414 1420 1692 1513 1657 1404 1553 1606 1779 2100 1840 1918 1991 2151 1116 1073 1222 1178 1353 1528 1337 1585 1510 1751 1833 2154 2080 1549 1777 1663 1830 2118 2785
 2257  895  728  621  804  690  547  522  334  223  169    1  330  393  278  751  239  281  140  446  238  470  621  621  759  563  552  604  604  863  791  682  668  891  905  945  779  913  957 1008 1075 1155 1029 1137 1155 1178 1262 1283 1283 1411 1066 1005 1114 1149 1132 1114 1227 1345 1351 1342 1453 1564 1692 1704 1692 1792 2119 2381 1391 1391 1428 1495 1658 2899 4159 5047 3489 3175 3108 2718 2601 2725 2537 2144 2035 2225 1979 1829 2171 2366 2200 1822 1724 1792 1466 1534 1628 1701 1336 1403 1484 1574 1106 1140 1237 1206 1237 1237 1237 1237 1237 1311 1398 1446 1446 1496 1496 1047 1179 1090 1187 1240 1090 1056 1296 1169  738  738  872  872  925 1104 1235 1355 1487 1372  723  857 1000 1073 1147  811  962  937 1039  799 1006 1175 1259 1427 1442 1330 1370 1165 1339 1701 1971 1901 1780 1835 2010 2183 1716 1782 1846 2021 1354 1478 1718 1538 1554 1833 1657 1803 1553 1703 1762 1932 2251 1997 2075 2151 2311 1258 1222 1374 1341 1512 1684 1503 1751 1677 1916 1998 2317 2245 1717 1945 1830 1998 2284 2953
 1941  565  438  354  518  454  334  239  388  335  493  330    1  140  362  534  416  500  451  633  513  796  950  950 1087  769  840  903  903  895  905  796  834 1044 1098 1171 1047 1179 1232 1260 1304 1362 1230 1330 1362 1397 1460 1493 1493 1623 1116 1133 1258 1225 1228 1258 1352 1453 1450 1456 1566 1677 1782 1783 1782 1894 2231 2458 1390 1390 1466 1562 1697 2902 4079 5056 3680 3360 3333 2963 2849 2982 2717 2307 2202 2421 2206 2077 2406 2607 2456 2044 1954 2034 1697 1780 1866 1952 1567 1652 1746 1848 1347 1392 1478 1436 1478 1478 1478 1478 1478 1570 1671 1724 1724 1779 1779 1310 1440 1362 1473 1532 1362 1347 1592 1470 1031 1031 1160 1160 1221 1415 1551 1666 1802 1691 1037 1178 1324 1399 1474 1138 1291 1266 1368 1093 1334 1498 1582 1749 1759 1628 1657 1457 1610 1972 2249 2187 2071 2138 2311 2481 2014 2091 2157 2330 1654 1774 2026 1847 1872 2155 1981 2128 1879 2031 2091 2260 2578 2326 2405 2481 2641 1582 1550 1703 1670 1842 2013 1829 2078 2001 2243 2325 2646 2573 2031 2266 2139 2310 2581 3263
 1866  544  337  447  584  557  454  334  522  456  560  393  140    1  314  399  532  611  486  586  519  830  990  990 1144  721  834  904  904  780  815  710  766  963 1033 1121 1022 1149 1209 1222 1252 1298 1166 1260 1298 1339 1391 1429 1429 1559 1002 1042 1170 1116 1124 1170 1256 1351 1345 1355 1465 1575 1672 1670 1672 1787 2126 2342 1262 1262 1345 1448 1575 2771 3940 4924 3598 3276 3267 2909 2798 2935 2633 2218 2115 2345 2145 2028 2349 2552 2410 1981 1896 1982 1641 1733 1813 1905 1513 1606 1708 1817 1300 1351 1430 1383 1430 1430 1430 1430 1430 1531 1640 1697 1697 1755 1755 1277 1404 1334 1454 1517 1334 1333 1581 1464 1025 1025 1147 1147 1213 1418 1560 1669 1810 1705 1048 1197 1349 1426 1503 1169 1327 1314 1406 1186 1392 1566 1649 1816 1833 1719 1755 1551 1715 1937 2219 2163 2050 2128 2299 2466 2000 2089 2156 2326 1646 1761 2022 1847 1881 2170 2001 2150 1906 2059 2128 2290 2603 2364 2442 2525 2685 1603 1580 1736 1720 1884 2049 1888 2135 2066 2300 2382 2695 2628 2109 2335 2222 2390 2673 3345
 2118  855  595  716  876  813  683  601  582  476  399  278  362  314    1  543  512  558  271  275  245  570  733  733  910  411  530  603  603  595  558  447  473  686  736  813  708  836  896  910  946 1000  868  968 1000 1037 1098 1131 1131 1261  806  784  904  900  893  904 1005 1114 1115 1114 1225 1337 1453 1460 1453 1560 1893 2138 1120 1120 1166 1245 1398 2632 3882 4783 3320 3001 2971 2604 2492 2626 2359 1952 1846 2060 1845 1721 2047 2248 2101 1682 1593 1676 1337 1424 1507 1597 1208 1297 1396 1504  991 1040 1121 1077 1121 1121 1121 1121 1121 1219 1326 1383 1383 1442 1442  964 1092 1021 1142 1205 1021 1022 1270 1155  718  718  836  836  904 1115 1260 1364 1507 1407  754  908 1064 1142 1220  895 1055 1058 1135 1025 1154 1341 1422 1585 1616 1540 1593 1384 1577 1625 1906 1850 1737 1818 1987 2154 1688 1780 1849 2016 1336 1449 1712 1539 1579 1871 1707 1858 1619 1773 1849 2005 2312 2085 2164 2253 2412 1312 1299 1456 1463 1615 1771 1642 1886 1829 2048 2129 2430 2371 1896 2103 2018 2180 2487 3131
 1593  564  223  738  798  852  793  652  921  853  910  751  534  399  543    1  926 1000  801  729  787 1112 1274 1274 1452  837 1038 1116 1116  638  780  708  814  946 1060 1184 1163 1270 1340 1313 1303 1308 1184 1254 1308 1364 1379 1431 1431 1555  838  975 1106  968 1000 1106 1155 1218 1199 1228 1328 1429 1491 1476 1491 1616 1952 2120 1002 1002 1124 1254 1338 2467 3570 4608 3493 3167 3219 2903 2801 2950 2533 2107 2014 2275 2132 2056 2343 2550 2437 1967 1898 2002 1661 1773 1833 1943 1541 1657 1778 1902 1364 1427 1481 1422 1481 1481 1481 1481 1481 1604 1731 1796 1796 1861 1861 1380 1492 1448 1586 1655 1448 1483 1726 1627 1210 1210 1309 1309 1383 1607 1757 1847 1994 1908 1273 1430 1587 1666 1744 1429 1589 1598 1669 1547 1696 1883 1964 2127 2158 2072 2118 1911 2089 2009 2297 2258 2159 2265 2424 2581 2129 2244 2314 2471 1796 1894 2173 2011 2068 2365 2211 2363 2134 2288 2373 2520 2818 2608 2686 2781 2939 1825 1823 1981 2002 2147 2295 2183 2425 2371 2587 2667 2962 2908 2437 2646 2559 2721 3023 3674
 2342  936  854  572  755  602  466  506  142   87  239  239  416  532  512  926    1   87  334  674  446  558  673  673  755  780  713  746  746 1101 1025  917  895 1117 1117 1139  948 1080 1113 1183 1265 1357 1235 1345 1357 1372 1466 1480 1480 1605 1304 1235 1339 1385 1367 1339 1456 1576 1584 1572 1683 1793 1924 1939 1924 2022 2346 2614 1629 1629 1666 1731 1896 3137 4392 5285 3684 3374 3284 2881 2761 2878 2740 2355 2245 2422 2159 1995 2344 2533 2356 2006 1905 1962 1648 1704 1804 1866 1520 1574 1641 1719 1287 1313 1416 1392 1416 1416 1416 1416 1416 1475 1548 1589 1589 1632 1632 1212 1344 1246 1325 1369 1246 1191 1417 1285  881  881 1016 1016 1057 1205 1320 1448 1568 1443  832  940 1062 1128 1195  869 1002  950 1072  692  989 1130 1214 1381 1378 1224 1247 1051 1195 1849 2107 2029 1903 1938 2116 2291 1829 1874 1934 2113 1468 1597 1815 1633 1630 1893 1709 1849 1594 1738 1779 1959 2283 2009 2086 2149 2308 1319 1264 1407 1335 1520 1703 1475 1722 1633 1887 1970 2302 2218 1641 1889 1743 1916 2174 2865
 2428 1022  936  653  835  677  545  592  207  174  223  281  500  611  558 1000   87    1  345  689  454  512  612  612  680  784  689  713  713 1137 1045  940  906 1125 1114 1125  924 1053 1080 1158 1248 1345 1228 1339 1345 1357 1456 1466 1466 1589 1333 1248 1345 1408 1385 1345 1466 1589 1599 1584 1693 1803 1939 1956 1939 2033 2352 2628 1666 1666 1694 1752 1923 3168 4439 5312 3664 3357 3254 2846 2725 2838 2726 2348 2237 2405 2133 1962 2314 2500 2319 1983 1879 1932 1625 1675 1777 1834 1498 1546 1606 1679 1265 1287 1392 1372 1392 1392 1392 1392 1392 1444 1510 1548 1548 1589 1589 1183 1313 1212 1283 1325 1212 1150 1369 1236  846  846  979  979 1016 1152 1261 1391 1507 1381  786  884 1000 1062 1128  806  934  877 1002  606  910 1047 1130 1297 1292 1138 1161  965 1111 1809 2062 1981 1854 1883 2060 2236 1777 1815 1874 2053 1417 1548 1758 1576 1568 1825 1641 1779 1523 1665 1703 1885 2210 1932 2009 2069 2228 1254 1195 1335 1256 1443 1628 1393 1640 1549 1804 1887 2220 2135 1555 1804 1657 1829 2087 2779
 2347 1012  814  759  941  829  686  657  454  345  140  140  451  486  271  801  334  345    1  344  112  347  505  505  662  446  413  465  465  803  701  596  563  784  784  814  641  775  818  871  943 1028  904 1014 1028 1048 1137 1154 1154 1281  992  904 1005 1064 1041 1005 1124 1245 1255 1241 1351 1461 1595 1612 1595 1691 2013 2284 1331 1331 1352 1408 1580 2826 4116 4968 3360 3048 2973 2581 2463 2586 2411 2023 1913 2097 1845 1692 2035 2229 2062 1689 1590 1655 1332 1397 1492 1564 1202 1267 1345 1435  971 1004 1102 1073 1102 1102 1102 1102 1102 1174 1259 1307 1307 1357 1357  909 1042  951 1048 1101  951  918 1158 1031  599  599  733  733  787  969 1102 1220 1354 1241  589  727  874  949 1024  688  844  828  923  755  910 1089 1172 1337 1361 1273 1324 1115 1306 1562 1832 1763 1642 1698 1873 2045 1578 1646 1711 1886 1216 1340 1583 1403 1422 1704 1530 1678 1430 1581 1645 1811 2128 1881 1960 2040 2200 1131 1101 1255 1235 1400 1567 1405 1651 1585 1816 1898 2210 2143 1640 1857 1759 1923 2223 2877
 2321 1120  834  985 1149 1077  943  871  780  668  475  446  633  586  275  729  674  689  344    1  237  459  603  603  800  136  315  394  394  490  358  258  223  446  471  539  447  569  632  637  672  732  601  705  732  765  833  862  862  992  658  562  668  722  697  668  783  903  912  899 1010 1120 1252 1268 1252 1349 1674 1941 1007 1007 1014 1065 1240 2488 3800 4626 3061 2744 2701 2331 2218 2352 2103 1703 1595 1798 1574 1446 1774 1975 1827 1412 1321 1402 1064 1150 1233 1322  934 1023 1123 1233  717  766  847  804  847  847  847  847  847  946 1056 1114 1114 1174 1174  693  819  753  880  946  753  766 1013  906  482  482  586  586  658  879 1029 1122 1269 1180  551  709  866  944 1023  723  880  908  959 1000 1024 1222 1298 1451 1499 1471 1540 1333 1548 1352 1635 1581 1472 1560 1726 1890 1428 1529 1598 1762 1081 1189 1460 1291 1342 1639 1483 1635 1406 1561 1649 1792 2090 1883 1961 2059 2215 1097 1101 1258 1299 1431 1571 1489 1724 1684 1881 1960 2242 2196 1779 1961 1910 2061 2392 3001
 2359 1060  830  841 1020  919  778  735  564  454  238  238  513  519  245  787  446  454  112  237    1  326  489  489  666  334  328  391  391  711  595  493  453  673  673  707  546  680  727  772  838  920  795  904  920  941 1027 1046 1046 1174  892  795  894  958  933  894 1014 1136 1146 1131 1241 1350 1486 1503 1486 1580 1902 2175 1236 1236 1250 1301 1476 2724 4026 4863 3253 2940 2871 2483 2366 2492 2302 1912 1803 1989 1742 1593 1934 2130 1966 1584 1487 1555 1228 1298 1391 1466 1098 1168 1251 1346  868  905 1000  968 1000 1000 1000 1000 1000 1077 1169 1219 1219 1272 1272  813  946  859  964 1021  859  836 1080  958  519  519  649  649  708  904 1043 1155 1294 1187  530  678  831  908  986  656  815  814  895  806  910 1098 1178 1341 1373 1308 1366 1157 1360 1471 1745 1679 1560 1625 1798 1969 1501 1579 1645 1818 1142 1262 1513 1336 1364 1652 1482 1632 1388 1542 1613 1773 2085 1849 1928 2015 2174 1084 1064 1220 1220 1375 1535 1398 1642 1585 1804 1886 2189 2129 1654 1859 1778 1938 2250 2888
 2683 1359 1151 1082 1268 1138  996  989  699  612  334  470  796  830  570 1112  558  512  347  459  326    1  163  163  347  461  237  223  223  937  762  688  595  772  707  673  446  563  579  673  780  894  795  904  894  891 1005 1002 1002 1116 1074  905  968 1106 1063  968 1098 1228 1250 1218 1319 1421 1575 1604 1575 1650 1946 2250 1431 1431 1409 1427 1620 2861 4219 4970 3174 2873 2750 2336 2215 2326 2250 1893 1782 1923 1635 1456 1810 1993 1809 1491 1385 1429 1136 1174 1279 1328 1014 1046 1098 1168  784  795  904  894  904  904  904  904  904  941 1000 1037 1037 1077 1077  686  813  707  772  813  707  638  859  727  344  344  473  473  504  649  771  896 1022  904  275  391  530  603  678  342  498  489  576  558  586  777  857 1017 1054 1013 1082  876 1097 1298 1551 1471 1346 1383 1560 1735 1272 1323 1385 1563  910 1040 1262 1080 1088 1364 1187 1333 1084 1235 1299 1465 1782 1535 1613 1695 1855  789  754  908  895 1055 1220 1072 1316 1259 1479 1561 1867 1804 1335 1535 1462 1619 1940 2567
 2846 1514 1314 1221 1407 1268 1128 1133  813  738  470  621  950  990  733 1274  673  612  505  603  489  163    1    1  199  582  328  275  275 1066  875  814  708  859  772  707  473  563  557  673  795  920  838  941  920  904 1027 1014 1014 1116 1184  991 1037 1202 1153 1037 1168 1298 1324 1285 1380 1476 1636 1670 1636 1702 1982 2299 1541 1541 1504 1507 1706 2935 4316 5024 3140 2846 2696 2271 2148 2251 2235 1898 1787 1904 1599 1405 1761 1935 1742 1464 1354 1385 1116 1136 1245 1279 1002 1014 1046 1098  784  780  891  894  891  891  891  891  891  904  941  968  968 1000 1000  668  784  673  707  736  673  579  772  638  344  344  446  446  453  546  649  780  896  771  223  275  391  459  530  197  342  326  419  476  426  621  698  857  898  876  954  754  984 1228 1466 1379 1251 1272 1449 1625 1169 1203 1262 1442  813  946 1146  964  958 1224 1043 1187  935 1084 1142 1312 1632 1377 1456 1535 1695  649  603  754  733  895 1064  910 1154 1098 1316 1398 1706 1642 1178 1373 1308 1462 1789 2408
 2846 1514 1314 1221 1407 1268 1128 1133  813  738  470  621  950  990  733 1274  673  612  505  603  489  163    1    1  199  582  328  275  275 1066  875  814  708  859  772  707  473  563  557  673  795  920  838  941  920  904 1027 1014 1014 1116 1184  991 1037 1202 1153 1037 1168 1298 1324 1285 1380 1476 1636 1670 1636 1702 1982 2299 1541 1541 1504 1507 1706 2935 4316 5024 3140 2846 2696 2271 2148 2251 2235 1898 1787 1904 1599 1405 1761 1935 1742 1464 1354 1385 1116 1136 1245 1279 1002 1014 1046 1098  784  780  891  894  891  891  891  891  891  904  941  968  968 1000 1000  668  784  673  707  736  673  579  772  638  344  344  446  446  453  546  649  780  896  771  223  275  391  459  530  197  342  326  419  476  426  621  698  857  898  876  954  754  984 1228 1466 1379 1251 1272 1449 1625 1169 1203 1262 1442  813  946 1146  964  958 1224 1043 1187  935 1084 1142 1312 1632 1377 1456 1535 1695  649  603  754  733  895 1064  910 1154 1098 1316 1398 1706 1642 1178 1373 1308 1462 1789 2408
 3009 1650 1475 1324 1508 1356 1221 1246  887  832  594  759 1087 1144  910 1452  755  680  662  800  666  347  199  199    1  780  524  465  465 1264 1072 1013  905 1048  951  871  641  709  687  814  943 1073 1004 1102 1073 1048 1176 1154 1154 1245 1379 1178 1215 1392 1340 1215 1345 1475 1503 1461 1551 1644 1807 1844 1807 1865 2133 2457 1736 1736 1693 1689 1890 3110 4503 5183 3219 2934 2753 2316 2192 2283 2339 2023 1913 2005 1684 1477 1831 1993 1789 1561 1450 1464 1227 1227 1338 1355 1124 1114 1124 1154  921  904 1014 1028 1014 1014 1014 1014 1014 1002 1014 1028 1028 1048 1048  795  894  784  784  795  784  668  814  687  506  506  579  579  563  579  641  775  866  733  371  334  371  413  465  223  276  199  331  334  249  432  513  676  708  678  759  561  796 1281 1492 1397 1267 1259 1435 1610 1174 1178 1230 1409  840  971 1129  951  918 1155  969 1102  847  986 1024 1205 1530 1255 1333 1400 1560  599  524  657  586  766  949  745  992  924 1157 1240 1561 1487  989 1196 1115 1273 1594 2223
 2424 1252  958 1120 1285 1210 1075 1006  895  784  563  563  769  721  411  837  780  784  446  136  334  461  582  582  780    1  260  332  332  485  301  233  136  343  343  403  327  440  507  503  536  599  470  576  599  630  703  729  729  859  614  470  562  655  619  562  684  809  823  803  911 1020 1160 1181 1160 1251 1569 1848  971  971  956  988 1173 2421 3761 4549 2932 2616 2567 2195 2082 2216 1976 1581 1472 1668 1439 1311 1638 1839 1691 1278 1186 1266  929 1014 1098 1186  799  887  989 1100  581  631  711  668  711  711  711  711  711  811  923  983  983 1044 1044  562  686  624  755  823  624  647  892  791  387  387  473  473  548  774  926 1011 1159 1078  482  634  788  865  943  668  818  861  894 1018  986 1187 1258 1404 1461 1458 1535 1332 1556 1218 1502 1450 1342 1436 1600 1762 1302 1409 1479 1640  962 1064 1339 1175 1233 1531 1381 1533 1313 1466 1561 1696 1987 1792 1869 1973 2127 1005 1020 1174 1235 1354 1484 1430 1658 1628 1811 1888 2160 2120 1738 1905 1872 2018 2359 2947
 2630 1378 1122 1167 1347 1241 1098 1062  848  746  475  552  840  834  530 1038  713  689  413  315  328  237  328  328  524  260    1   79   79  743  548  492  382  539  471  446  236  368  406  471  562  668  562  673  668  673  780  783  783  903  857  672  732  878  832  732  862  992 1014  982 1082 1184 1338 1368 1338 1414 1712 2014 1214 1214 1181 1193 1388 2626 3993 4734 2976 2670 2572 2172 2054 2175 2040 1672 1560 1717 1447 1284 1631 1823 1651 1295 1193 1250  937  992 1091 1156  810  862  934 1023  577  601  705  685  705  705  705  705  705  765  847  895  895  946  946  501  633  539  637  693  539  509  753  632  192  192  322  322  382  586  731  836  978  879  237  394  551  630  709  413  567  603  645  786  727  928 1000 1147 1202 1202 1282 1081 1310 1150 1420 1352 1233 1299 1472 1642 1174 1255 1323 1493  815  935 1189 1013 1050 1342 1180 1331 1097 1252 1336 1484 1786 1571 1649 1746 1902  788  787  944  986 1116 1258 1178 1410 1374 1567 1645 1928 1881 1480 1652 1613 1760 2100 2694
 2707 1447 1197 1223 1405 1292 1149 1120  884  786  508  604  903  904  603 1116  746  713  465  394  391  223  275  275  465  332   79    1    1  812  611  562  447  585  501  452  223  343  368  452  557  673  577  685  673  668  783  780  780  894  915  717  765  928  878  765  896 1026 1051 1014 1111 1210 1368 1400 1368 1438 1728 2037 1271 1271 1230 1233 1432 2663 4042 4761 2957 2654 2542 2136 2016 2133 2029 1670 1559 1703 1422 1250 1601 1789 1611 1274 1169 1220  917  962 1065 1122  794  833  896  977  562  577  685  673  685  685  685  685  685  732  804  847  847  895  895  471  601  501  585  637  501  454  693  569  136  136  272  272  322  515  658  766  906  805  158  315  473  551  630  337  490  530  567  746  657  857  928 1073 1130 1140 1223 1025 1257 1106 1370 1299 1177 1236 1410 1581 1114 1189 1255 1428  753  876 1123  946  978 1269 1104 1255 1020 1174 1258 1406 1711 1493 1571 1667 1824  711  709  866  908 1038 1180 1101 1333 1298 1489 1567 1849 1802 1407 1575 1541 1686 2029 2617
 2707 1447 1197 1223 1405 1292 1149 1120  884  786  508  604  903  904  603 1116  746  713  465  394  391  223  275  275  465  332   79    1    1  812  611  562  447  585  501  452  223  343  368  452  557  673  577  685  673  668  783  780  780  894  915  717  765  928  878  765  896 1026 1051 1014 1111 1210 1368 1400 1368 1438 1728 2037 1271 1271 1230 1233 1432 2663 4042 4761 2957 2654 2542 2136 2016 2133 2029 1670 1559 1703 1422 1250 1601 1789 1611 1274 1169 1220  917  962 1065 1122  794  833  896  977  562  577  685  673  685  685  685  685  685  732  804  847  847  895  895  471  601  501  585  637  501  454  693  569  136  136  272  272  322  515  658  766  906  805  158  315  473  551  630  337  490  530  567  746  657  857  928 1073 1130 1140 1223 1025 1257 1106 1370 1299 1177 1236 1410 1581 1114 1189 1255 1428  753  876 1123  946  978 1269 1104 1255 1020 1174 1258 1406 1711 1493 1571 1667 1824  711  709  866  908 1038 1180 1101 1333 1298 1489 1567 1849 1802 1407 1575 1541 1686 2029 2617
 2104 1185  842 1225 1346 1336 1228 1114 1176 1070  942  863  895  780  595  638 1101 1137  803  490  711  937 1066 1066 1264  485  743  812  812    1  224  252  369  362  505  649  735  794  869  794  740  710  603  647  710  774  763  822  822  937  223  349  475  342  364  475  517  588  575  596  701  807  894  891  894 1011 1350 1564  530  530  575  669  807 2038 3315 4189 2862 2537 2582 2272 2173 2326 1899 1475 1379 1638 1503 1446 1714 1921 1821 1339 1277 1388 1054 1176 1222 1341  945 1073 1204 1337  810  880  906  840  906  906  906  906  906 1042 1179 1248 1248 1317 1317  867  951  940 1086 1159  940 1017 1232 1165  840  840  884  884  959 1182 1331 1388 1535 1480  954 1098 1244 1318 1391 1145 1288 1340 1361 1487 1468 1669 1739 1881 1942 1942 2017 1812 2033 1429 1714 1691 1607 1736 1880 2023 1596 1736 1807 1946 1305 1378 1664 1524 1609 1904 1777 1925 1729 1878 1986 2101 2368 2209 2284 2397 2546 1431 1465 1614 1700 1802 1911 1897 2117 2097 2264 2338 2589 2561 2217 2372 2352 2495 2840 3415
 2305 1289  957 1255 1398 1359 1236 1140 1122 1011  832  791  905  815  558  780 1025 1045  701  358  595  762  875  875 1072  301  548  611  611  224    1  112  168  166  293  433  514  571  646  577  536  529  407  475  529  587  602  653  653  777  313  228  356  364  342  356  448  558  562  557  668  780  901  914  901 1005 1336 1590  670  670  660  708  883 2131 3460 4269 2784 2461 2466 2130 2026 2173 1819 1404 1301 1534 1360 1277 1569 1776 1658 1194 1121 1223  881  995 1054 1165  763  883 1009 1138  603  671  710  647  710  710  710  710  710  840  974 1042 1042 1110 1110  649  740  722  867  940  722  794 1013  943  623  623  661  661  735  959 1107 1165 1314 1256  743  883 1026 1098 1171  937 1075 1133 1145 1319 1264 1464 1532 1669 1734 1749 1829 1628 1855 1238 1525 1494 1404 1526 1675 1823 1387 1521 1593 1736 1086 1164 1450 1305 1388 1683 1554 1703 1506 1655 1763 1878 2147 1986 2060 2173 2322 1208 1244 1391 1483 1580 1688 1680 1897 1881 2043 2117 2365 2338 2007 2155 2144 2282 2632 3197
 2264 1197  872 1147 1293 1250 1126 1032 1012  901  730  682  796  710  447  708  917  940  596  258  493  688  814  814 1013  233  492  562  562  252  112    1  127  255  353  478  506  587  661  613  595  608  480  561  608  660  691  736  736  864  401  338  462  469  452  462  559  669  672  668  780  891 1012 1024 1012 1116 1448 1700  752  752  758  814  984 2232 3545 4373 2889 2567 2563 2219 2112 2257 1924 1512 1407 1636 1450 1355 1658 1863 1738 1284 1206 1304  961 1067 1134 1239  838  950 1070 1195  657  721  774  715  774  774  774  774  774  897 1025 1091 1091 1158 1158  683  787  754  897  969  754  810 1041  959  598  598  658  658  734  961 1112 1182 1331 1263  706  854 1004 1079 1155  896 1042 1091 1116 1242 1218 1418 1489 1632 1691 1690 1766 1562 1785 1301 1589 1552 1455 1568 1723 1876 1430 1556 1627 1777 1114 1201 1484 1332 1405 1703 1565 1715 1508 1659 1761 1886 2165 1989 2065 2173 2325 1204 1230 1382 1457 1567 1685 1653 1877 1852 2027 2103 2363 2330 1968 2128 2103 2246 2590 3171
 2383 1276  963 1187 1344 1285 1154 1073 1002  891  687  668  834  766  473  814  895  906  563  223  453  595  708  708  905  136  382  447  447  369  168  127    1  223  268  372  380  465  538  500  498  533  401  497  533  576  628  664  664  794  480  343  446  520  486  446  562  684  695  679  789  899 1034 1053 1034 1128 1452 1723  838  838  821  856 1039 2287 3626 4418 2848 2530 2502 2145 2035 2176 1887 1484 1377 1588 1380 1271 1585 1789 1653 1216 1131 1222  879  978 1051 1151  752  856  970 1091  555  615  678  625  678  678  678  678  678  794  918  982  982 1047 1047  567  678  636  777  849  636  686  921  835  473  473  532  532  608  835  986 1058 1207 1138  586  731  879  954 1029  777  920  973  993 1152 1102 1303 1372 1513 1574 1583 1662 1461 1687 1201 1488 1446 1346 1453 1611 1767 1316 1437 1508 1661  993 1084 1366 1211 1281 1579 1439 1590 1381 1533 1635 1760 2040 1862 1938 2047 2199 1078 1104 1255 1333 1441 1559 1530 1752 1730 1902 1977 2237 2203 1849 2005 1985 2126 2473 3048
 2462 1450 1121 1396 1546 1497 1369 1281 1225 1114  905  891 1044  963  686  946 1117 1125  784  446  673  772  859  859 1048  343  539  585  585  362  166  255  223    1  147  293  434  457  529  439  379  363  244  310  363  422  438  487  487  612  356  133  223  345  294  223  342  467  483  461  569  678  818  841  818  909 1230 1506  699  699  645  656  849 2090 3457 4210 2638 2317 2308 1967 1861 2008 1674 1266 1160 1382 1197 1111 1405 1612 1492 1031  956 1058  716  830  888  999  598  719  847  978  448  518  548  484  548  548  548  548  548  681  818  886  886  956  956  512  589  585  730  803  585  673  876  819  562  562  567  567  636  849  993 1038 1184 1138  693  815  946 1013 1081  886 1009 1080 1074 1325 1216 1414 1475 1602 1675 1717 1804 1609 1842 1075 1362 1334 1246 1374 1519 1664 1234 1375 1446 1584  949 1017 1303 1167 1257 1549 1429 1575 1391 1536 1650 1755 2013 1868 1941 2058 2203 1103 1151 1291 1403 1483 1578 1601 1807 1801 1947 2018 2252 2232 1941 2072 2081 2211 2570 3109
 2598 1542 1222 1451 1611 1546 1413 1337 1236 1125  891  905 1098 1033  736 1060 1117 1114  784  471  673  707  772  772  951  343  471  501  501  505  293  353  268  147    1  147  316  316  386  293  244  265  133  234  265  310  363  396  396  526  495  244  265  463  402  265  396  526  553  514  612  714  869  900  869  944 1247 1544  825  825  753  738  940 2163 3555 4264 2591 2274 2236 1877 1768 1909 1634 1240 1131 1328 1113 1006 1317 1521 1388  948  864  956  612  716  785  888  487  598  719  847  310  379  422  363  422  422  422  422  422  548  681  749  749  818  818  366  448  439  585  657  439  529  730  673  450  450  434  434  500  706  849  892 1038  993  585  693  815  880  946  773  886  964  946 1246 1101 1296 1354 1475 1552 1609 1700 1510 1746  950 1237 1203 1112 1234 1382 1531 1095 1232 1303 1444  803  874 1160 1022 1111 1403 1283 1429 1247 1391 1506 1609 1867 1722 1795 1913 2058  962 1013 1151 1270 1344 1434 1468 1669 1668 1807 1877 2107 2089 1814 1936 1954 2081 2443 2971
 2736 1644 1334 1522 1688 1611 1473 1409 1266 1158  905  945 1171 1121  813 1184 1139 1125  814  539  707  673  707  707  871  403  446  452  452  649  433  478  372  293  147    1  235  185  248  147  133  223  133  234  223  234  334  342  342  467  637  379  363  592  527  363  487  612  645  597  681  773  936  975  936  996 1278 1592  956  956  869  835 1040 2240 3652 4317 2547 2236 2167 1792 1679 1814 1601 1227 1116 1284 1038  908 1236 1436 1289  879  784  864  526  612  695  785  396  487  598  719  183  244  310  265  310  310  310  310  310  422  548  614  614  681  681  220  310  293  439  512  293  386  585  529  367  367  316  316  372  567  706  746  892  849  501  585  693  753  815  676  773  859  828 1183  998 1187 1240 1354 1435 1510 1605 1422 1661  830 1116 1075  978 1095 1246 1399  956 1089 1160 1304  657  731 1017  876  965 1257 1138 1283 1103 1247 1362 1464 1721 1578 1650 1768 1913  823  880 1013 1142 1207 1291 1339 1534 1538 1669 1738 1963 1947 1692 1804 1832 1954 2320 2834
 2748 1562 1280 1385 1561 1464 1323 1276 1083  979  710  779 1047 1022  708 1163  948  924  641  447  546  446  473  473  641  327  236  223  223  735  514  506  380  434  316  235    1  135  188  235  334  452  366  469  452  446  562  557  557  672  787  555  576  774  715  576  706  835  864  821  911 1005 1167 1203 1167 1230 1512 1826 1132 1132 1067 1051 1254 2469 3869 4552 2741 2436 2337 1940 1823 1947 1809 1448 1336 1484 1211 1051 1397 1589 1421 1060  957 1016  702  758  856  923  576  628  706  802  343  366  469  452  469  469  469  469  469  533  625  678  678  734  734  268  401  316  434  500  316  321  567  465  136  136  152  152  228  456  608  686  835  759  272  382  515  586  658  457  575  649  640  948  787  982 1042 1169 1242 1293 1385 1197 1434  927 1203 1143 1029 1113 1281 1446  982 1084 1154 1316  636  743 1014  849  909 1207 1062 1213 1002 1154 1255 1381 1665 1483 1559 1667 1819  699  731  879  973 1067 1180 1171 1384 1372 1530 1604 1858 1827 1508 1644 1647 1779 2136 2685
 2847 1688 1398 1519 1694 1598 1457 1410 1215 1113  842  913 1179 1149  836 1270 1080 1053  775  569  680  563  563  563  709  440  368  343  343  794  571  587  465  457  316  185  135    1   75  112  235  364  313  399  364  342  468  451  451  557  810  558  548  774  710  548  670  794  828  777  857  942 1108 1150 1108 1160 1425 1749 1138 1138 1054 1018 1223 2413 3833 4475 2615 2311 2204 1806 1688 1812 1688 1338 1227 1361 1081  917 1264 1455 1287  932  827  883  575  625  725  789  451  495  571  670  223  235  342  334  342  342  342  342  342  399  492  548  548  606  606  134  267  185  316  386  185  224  457  373  223  223  135  135  188  393  538  596  745  686  343  406  509  569  632  503  590  680  643 1031  818 1005 1056 1169 1251 1331 1428 1250 1489  794 1072 1014  904  996 1160 1322  862  974 1045 1202  529  625  904  746  819 1116  983 1132  937 1085 1195 1307 1579 1416 1490 1605 1752  647  698  836  958 1028 1122 1155 1354 1355 1492 1562 1798 1776 1507 1622 1648 1770 2135 2655
 2919 1749 1464 1568 1745 1645 1503 1461 1250 1150  875  957 1232 1209  896 1340 1113 1080  818  632  727  579  557  557  687  507  406  368  368  869  646  661  538  529  386  248  188   75    1  134  267  399  368  442  399  364  495  468  468  562  880  625  606  840  774  606  725  846  881  828  902  983 1150 1194 1150 1195 1449 1778 1204 1204 1114 1072 1277 2454 3882 4502 2596 2297 2175 1769 1650 1770 1681 1343 1232 1350 1057  883 1234 1421 1246  914  807  853  562  596  701  754  446  468  530  619  235  223  334  342  334  334  334  334  334  364  442  492  492  548  548  112  235  134  248  316  134  149  386  298  236  236  112  112  135  321  465  522  671  612  334  368  454  509  569  472  543  638  590 1015  775  957 1005 1111 1196 1289 1388 1215 1455  745 1018  956  842  929 1094 1259  796  904  974 1133  457  558  833  673  745 1042  909 1058  864 1011 1122 1233 1505 1342 1416 1531 1679  576  632  766  896  959 1050 1092 1286 1291 1422 1492 1725 1704 1448 1556 1589 1708 2076 2587
