229
     1   637  1012  1194  1408  1799  1720  1699  2171  2122  2567  1572  1549  1757  1988  2030  2122  2341  2784  2472  2416  2696  3184  3295  3383  1655  1881  1298  2121  2533  2923  3235  2998  3829  3760  3875  4040  4202  4025  4514  4374  4033  4966  5739  4925  5082  5427  5557  5890  5949  3127  3471  3229  3454  3349  3264  3478  3565  3682  3901  4013  3899  4124  4010  4120  4233  5026  5360  5360  6062  6164  6404  6228  5390  5112  5043  4918  5085  4558  4435  4068  3847  3725  3540  3694  3946  3994  4448  4275  4620  4607  4005  4294  4693  4489  4718  4960  4928  4972  4855  5231  5417  5390  5196  5372  5456  5412  5681  5889  5959  6379  5745  6175  6517  6201  6567  6730  6688  6962  7056  7313  7313  7696  5751  5896  6347  6525  6676  7299  7205  7114  7321  7168  7723  7763  8307  8164  7763  8599  8846  9169  8735  9124  9483 10047 10015 10305 10382 10603 11127 10044  9401  9181  9781 10449  9995 10600 10967  9372  9021  8941  8487  7383  7622  7354  5765  5524  5963  6168  6349  6599  7240  7172  6566  6523  6742  6123  6198  5683  5781  5643  5937  5815  5533  6090  6367  6645  6261  6635  6772  7010  6939  6801  6867  6969  6858  6987  7090  7487  9478 10968 11626 11966 11654 12950 14116 14761 15267 14529 14062 12969 12907 16446 16384 16250 15666 14424 13764 13942 14008 12433 11624 10385  9987 12093 13412 14321 15095 14840
   637     1   686  1012  1168  1586  1400  1335  1825  1668  2098  1016   918  1122  1353  1449  1577  1807  2270  1894  1798  2065  2574  2685  2751  1087  1336  1149  2141  2084  2567  2983  2489  3302  3170  3265  3437  3756  3814  4287  4240  4135  5360  5963  5134  5045  5471  5570  5954  5901  2658  3021  2711  2914  2791  2673  2895  3025  3124  3351  3463  3358  3574  3469  3587  3691  4454  4788  4788  5464  5572  5803  5610  4754  4478  4416  4292  4475  3938  3818  3463  3240  3124  2922  3066  3315  3375  3827  3644  3989  3971  3371  3664  4068  3882  4128  4370  4333  4366  4234  4614  4794  4764  4624  4790  4852  4819  5111  5333  5415  5846  5133  5589  5966  5588  5970  6156  6077  6356  6461  6707  6707  7093  5213  5385  5830  6019  6198  6802  6735  6674  6874  6764  7308  7356  7863  7716  7285  8098  8347  8684  8216  8610  8990  9555  9532  9837  9928 10168 10747  9617  8959  8791  9390 10055  9676 10289 10684  9076  8727  8630  8183  7052  7344  7099  5276  5169  5649  5788  5981  6179  6905  6905  6274  6278  6519  5844  5995  5421  5571  5431  5763  5673  5446  5952  6234  6518  6291  6632  6772  6975  6886  6744  6795  6892  6754  6853  6950  7293  9388 10773 11545 11812 11334 12451 13758 14441 14936 14295 13881 12758 12567 16320 16297 16208 15672 14641 14063 14095 13999 12416 11723 10501 10462 12548 13990 14829 15718 15452
  1012   686     1   357   483   901   734   693  1177  1114  1559   696   936  1260  1447  1150  1177  1375  1793  1562  1613  1958  2325  2430  2624  1498  1761  1830  2826  2583  3130  3601  2900  3658  3398  3424  3615  4212  4441  4903  4893  4819  5958  6633  5806  5720  6155  6252  6638  6572  2117  2459  2237  2475  2389  2355  2550  2586  2719  2928  3038  2918  3149  3029  3132  3250  4069  4400  4400  5138  5231  5486  5352  4661  4347  4220  4084  4196  3708  3574  3177  2962  2830  2698  2896  3169  3148  3601  3481  3828  3900  3381  3708  4136  4036  4330  4568  4518  4515  4325  4712  4864  4820  4867  5005  4999  5000  5349  5601  5706  6150  5246  5782  6237  5691  6127  6374  6185  6479  6621  6827  6827  7223  5517  5733  6163  6366  6584  7155  7128  7104  7293  7232  7761  7816  8279  8128  7661  8435  8684  9040  8524  8923  9333  9895  9884 10208 10317 10578 11213 10040  9368  9260  9853 10510 10201 10818 11232  9622  9278  9168  8729  7582  7912  7684  5657  5695  6202  6287  6489  6635  7433  7482  6839  6872  7124  6421  6613  6010  6187  6047  6395  6317  6109  6598  6881  7166  6974  7310  7451  7648  7554  7412  7459  7554  7408  7497  7591  7909 10041 11376 12195 12432 11850 12757 14223 14934 15411 14856 14477 13344 13057 16925 16922 16854 16337 15320 14719 14780 14665 13085 12407 11186 10999 13104 14370 15326 15938 15330
  1194  1012   357     1   223   609   560   587  1002  1074  1502   904  1237  1570  1737  1303  1264  1421  1779  1664  1791  2156  2442  2541  2794  1847  2110  2161  3142  2936  3487  3956  3239  3984  3691  3695  3891  4556  4795  5259  5242  5125  6157  6904  6082  6056  6477  6580  6957  6912  2035  2348  2209  2468  2411  2431  2604  2575  2730  2921  3029  2900  3138  3008  3098  3226  4072  4398  4398  5168  5251  5519  5420  4819  4490  4332  4191  4263  3808  3668  3253  3047  2909  2818  3039  3321  3258  3705  3618  3961  4077  3598  3934  4367  4300  4608  4844  4790  4774  4564  4951  5091  5041  5156  5284  5255  5268  5634  5894  6006  6453  5488  6050  6529  5927  6380  6648  6420  6718  6874  7064  7064  7462  5822  6049  6474  6680  6908  7469  7453  7438  7625  7574  8099  8156  8609  8456  7981  8743  8991  9353  8822  9223  9640 10200 10193 10522 10636 10903 11551 10369  9695  9600 10192 10847 10552 11169 11585  9976  9632  9520  9082  7935  8268  8040  5982  6047  6557  6635  6839  6976  7785  7838  7195  7229  7480  6777  6969  6367  6543  6402  6749  6669  6454  6949  7232  7516  7300  7644  7783  7987  7896  7754  7804  7900  7757  7849  7943  8265 10390 11733 12546 12788 12198 13046 14558 15274 15747 15209 14833 13700 13399 17282 17278 17207 16682 15597 14957 15082 15009 13427 12724 11496 11132 13246 14376 15409 15838 15082
  1408  1168   483   223     1   419   340   384   780   874  1293   838  1230  1564  1708  1184  1110  1246  1579  1509  1676  2048  2286  2381  2664  1900  2158  2313  3308  2993  3565  4058  3261  3979  3648  3631  3831  4583  4901  5357  5365  5299  6373  7099  6274  6200  6638  6734  7121  7050  1818  2127  2002  2265  2217  2257  2420  2372  2532  2718  2825  2693  2932  2801  2888  3017  3868  4193  4193  4971  5051  5322  5234  4674  4338  4166  4023  4079  3638  3497  3076  2873  2734  2661  2893  3177  3095  3537  3466  3807  3944  3492  3834  4269  4228  4548  4781  4723  4696  4471  4857  4988  4934  5104  5223  5173  5196  5578  5846  5965  6415  5395  5977  6478  5828  6295  6580  6319  6621  6787  6964  6964  7364  5786  6027  6445  6655  6897  7444  7442  7442  7624  7593  8110  8170  8603  8450  7962  8707  8954  9322  8776  9177  9603 10160 10158 10494 10614 10888 11559 10362  9684  9614 10201 10851 10590 11207 11633 10026  9685  9566  9133  7981  8333  8114  5973  6096  6618  6671  6878  6992  7831  7908  7260  7310  7567  6849  7065  6447  6638  6498  6854  6783  6584  7064  7347  7633  7456  7792  7932  8126  8031  7889  7934  8028  7878  7961  8054  8358 10509 11813 12661 12878 12227 12984 14555 15282 15743 15255 14903 13765 13413 17348 17361 17310 16809 15791 15166 15260 15140 13560 12890 11667 11355 13469 14584 15628 16009 15169
  1799  1586   901   609   419     1   328   458   523   817  1141  1102  1541  1865  1975  1326  1181  1242  1459  1548  1799  2175  2295  2377  2728  2257  2508  2729  3726  3346  3934  4446  3574  4253  3867  3815  4019  4895  5291  5739  5766  5718  6754  7511  6688  6611  7055  7149  7539  7459  1595  1860  1839  2116  2107  2214  2343  2215  2396  2556  2658  2518  2760  2621  2691  2828  3696  4011  4011  4818  4886  5169  5122  4683  4331  4121  3974  3979  3586  3440  3007  2820  2677  2659  2914  3201  3068  3491  3466  3795  3986  3598  3948  4385  4393  4732  4958  4894  4848  4594  4976  5088  5027  5300  5401  5314  5356  5764  6044  6174  6627  5513  6131  6670  5932  6424  6741  6419  6725  6911  7062  7062  7462  6005  6267  6671  6888  7150  7673  7693  7715  7889  7887  8391  8456  8860  8705  8200  8916  9161  9537  8966  9367  9808 10359 10364 10709 10840 11126 11828 10611  9930  9895 10477 11118 10903 11520 11956 10354 10017  9891  9465  8309  8680  8472  6232  6430  6964  6987  7198  7283  8158  8263  7609  7675  7938  7206  7444  6812  7018  6877  7241  7178  6989  7458  7741  8027  7872  8205  8345  8535  8438  8295  8338  8431  8277  8354  8445  8734 10904 12173 13053 13246 12526 13136 14799 15538 15979 15566 15246 14105 13686 17673 17709 17682 17205 16204 15562 15678 15540 13964 13308 12086 11685 13801 14782 15897 16067 15037
  1720  1400   734   560   340   328     1   131   451   562   960   783  1230  1548  1651  1004   875   967  1256  1258  1483  1860  2022  2111  2434  1962  2207  2517  3528  3044  3643  4170  3256  3927  3541  3492  3696  4576  5015  5456  5505  5527  6683  7361  6533  6372  6839  6923  7327  7212  1478  1788  1671  1938  1901  1967  2116  2043  2209  2388  2495  2361  2601  2468  2552  2683  3538  3861  3861  4647  4724  4998  4923  4415  4070  3880  3735  3770  3348  3204  2777  2581  2439  2393  2638  2924  2815  3249  3201  3536  3703  3292  3640  4077  4074  4409  4637  4574  4532  4285  4668  4786  4727  4976  5080  5001  5039  5442  5720  5849  6301  5206  5815  6347  5629  6114  6424  6117  6422  6602  6762  6762  7162  5679  5940  6345  6561  6823  7346  7366  7388  7563  7563  8065  8131  8533  8378  7873  8591  8837  9212  8644  9046  9484 10036 10040 10384 10514 10799 11501 10284  9603  9570 10150 10791 10581 11198 11637 10037  9701  9573  9149  7992  8371  8168  5905  6117  6655  6668  6880  6958  7841  7957  7301  7377  7643  6903  7156  6514  6730  6590  6961  6906  6733  7186  7469  7756  7648  7968  8109  8288  8185  8042  8081  8171  8010  8078  8168  8442 10631 11868 12773 12946 12202 12823 14473 15211 15653 15243 14931 13790 13360 17351 17393 17377 16924 16040 15452 15478 15270 13700 13091 11881 11687 13800 14918 15968 16301 15349
  1699  1335   693   587   384   458   131     1   491   491   916   656  1106  1421  1521   878   760   871  1196  1151  1361  1737  1922  2013  2322  1844  2087  2434  3449  2922  3524  4058  3128  3797  3411  3364  3568  4447  4903  5341  5399  5448  6650  7297  6467  6273  6750  6829  7239  7110  1455  1782  1623  1883  1834  1880  2038  1990  2148  2336  2444  2314  2552  2422  2512  2640  3487  3812  3812  4588  4668  4938  4851  4314  3973  3791  3647  3696  3261  3119  2696  2495  2355  2294  2534  2820  2723  3161  3102  3439  3595  3173  3520  3957  3948  4282  4510  4447  4407  4164  4547  4668  4610  4848  4953  4878  4914  5314  5592  5720  6172  5086  5691  6219  5511  5992  6299  6000  6304  6482  6645  6645  7045  5550  5810  6215  6431  6692  7216  7236  7257  7432  7432  7935  8000  8402  8247  7743  8463  8708  9083  8517  8918  9356  9908  9912 10255 10384 10669 11370 10154  9472  9439 10020 10660 10452 11068 11508  9909  9573  9445  9021  7864  8246  8044  5774  5990  6530  6539  6751  6828  7713  7833  7176  7255  7523  6780  7038  6393  6612  6473  6846  6794  6628  7074  7357  7644  7555  7870  8011  8185  8081  7937  7974  8064  7900  7965  8054  8323 10518 11744 12657 12824 12071 12699 14342 15081 15524 15113 14803 13663 13229 17221 17264 17252 16807 15964 15397 15390 15157 13590 12999 11793 11681 13790 14962 15984 16386 15471
  2171  1825  1177  1002   780   523   451   491     1   430   631  1040  1490  1773  1822  1067   858   833   955  1154  1474  1834  1846  1919  2313  2249  2475  2913  3930  3297  3916  4475  3443  4048  3592  3499  3706  4745  5316  5740  5831  5929  7132  7786  6956  6725  7217  7289  7709  7553  1075  1358  1318  1597  1597  1734  1844  1695  1878  2034  2135  1996  2237  2098  2169  2306  3174  3488  3488  4296  4363  4646  4605  4212  3853  3625  3477  3466  3090  2943  2507  2328  2184  2197  2465  2750  2587  2998  2997  3318  3541  3207  3560  3993  4050  4405  4623  4552  4487  4209  4584  4679  4612  4982  5063  4940  5000  5432  5723  5866  6319  5116  5765  6339  5522  6032  6377  6002  6311  6513  6642  6642  7042  5710  5996  6381  6604  6891  7380  7430  7481  7645  7684  8167  8238  8597  8442  7916  8594  8836  9220  8624  9024  9478 10020 10033 10388 10530 10829 11570 10332  9648  9665 10234 10860 10718 11331 11785 10201  9872  9733  9321  8163  8574  8390  5986  6309  6864  6829  7045  7079  8012  8173  7513  7616  7892  7130  7423  6758  7000  6861  7246  7208  7063  7487  7769  8055  8016  8321  8463  8625  8515  8372  8403  8491  8318  8370  8456  8697 10921 12078 13045 13168 12309 12741 14492 15241 15653 15349 15091 13955 13425 17446 17523 17555 17171 16444 15887 15855 15552 14001 13458 12261 12134 14248 15302 16395 16567 15417
  2122  1668  1114  1074   874   817   562   491   430     1   446   731  1149  1398  1421   647   430   428   706   743  1045  1409  1478  1562  1919  1904  2113  2675  3691  2919  3547  4123  3034  3623  3163  3073  3279  4329  4959  5371  5491  5679  7027  7577  6745  6408  6927  6985  7422  7222  1005  1358  1138  1394  1344  1408  1555  1502  1658  1848  1956  1828  2065  1937  2032  2156  2998  3325  3325  4097  4179  4448  4363  3868  3518  3320  3175  3210  2787  2644  2216  2020  1878  1844  2098  2385  2259  2689  2652  2983  3171  2802  3154  3589  3629  3981  4201  4131  4071  3802  4180  4284  4221  4557  4642  4529  4584  5009  5299  5440  5893  4715  5352  5917  5128  5629  5964  5612  5919  6113  6255  6255  6654  5282  5567  5954  6176  6461  6953  7001  7052  7215  7257  7738  7809  8169  8013  7488  8171  8414  8797  8206  8606  9057  9601  9613  9966 10106 10403 11141  9904  9220  9236  9805 10431 10292 10904 11360  9779  9452  9311  8901  7744  8163  7985  5557  5897  6456  6408  6625  6652  7592  7767  7105  7220  7499  6729  7041  6365  6619  6481  6874  6847  6723  7124  7406  7691  7712  8001  8142  8289  8173  8030  8055  8140  7958  8001  8084  8306 10546 11666 12657 12758 11881 12342 14069 14817 15234 14920 14666 13531 12996 17017 17094 17129 16763 16166 15683 15542 15164 13627 13141 11963 12105 14204 15448 16439 16862 15826
  2567  2098  1559  1502  1293  1141   960   916   631   446     1  1117  1479  1669  1635   866   631   440   325   699  1085  1390  1258  1319  1754  2204  2385  3060  4068  3149  3786  4387  3189  3693  3166  3028  3234  4441  5209  5597  5763  6041  7456  7961  7130  6705  7251  7295  7748  7499   563   925   712   982   968  1116  1214  1085  1258  1430  1536  1402  1642  1509  1596  1725  2579  2902  2902  3691  3766  4042  3983  3592  3229  2996  2847  2839  2460  2313  1876  1700  1556  1591  1868  2148  1964  2369  2381  2695  2940  2660  3011  3438  3542  3911  4118  4041  3957  3657  4024  4104  4032  4491  4552  4394  4471  4923  5225  5378  5829  4550  5222  5827  4943  5466  5834  5417  5726  5940  6052  6052  6450  5236  5545  5909  6137  6446  6900  6978  7059  7210  7292  7749  7826  8140  7984  7441  8080  8319  8709  8093  8490  8954  9487  9507  9869 10021 10329 11102  9851  9168  9233  9788 10396 10326 10932 11400  9844  9527  9374  8980  7829  8279  8123  5562  6017  6590  6491  6711  6691  7678  7900  7237  7383  7670  6881  7235  6539  6819  6684  7090  7082  6990  7356  7634  7918  8019  8289  8430  8557  8433  8290  8307  8387  8193  8217  8295  8479 10745 11769 12822 12867 11877 12158 13968 14720 15107 14893 14695 13574 12945 16949 17056 17133 16848 16469 16052 15812 15317 13818 13419 12266 12547 14642 15876 16884 17197 15966
  1572  1016   696   904   838  1102   783   656  1040   731  1117     1   455   766   878   465   561   792  1258   902   917  1266  1642  1749  1928  1210  1442  1949  2962  2274  2884  3435  2473  3157  2810  2798  2996  3794  4278  4706  4791  4949  6354  6852  6020  5693  6202  6264  6696  6516  1666  2037  1697  1899  1782  1697  1906  2010  2116  2340  2451  2343  2562  2455  2572  2677  3455  3789  3789  4494  4594  4838  4682  3965  3652  3532  3399  3531  3026  2895  2510  2291  2165  2011  2202  2474  2464  2918  2787  3134  3206  2701  3034  3466  3400  3713  3948  3891  3872  3661  4048  4192  4143  4267  4389  4352  4368  4743  5008  5127  5577  4586  5149  5641  5025  5477  5750  5518  5816  5971  6162  6162  6560  4949  5193  5608  5820  6067  6608  6612  6621  6800  6787  7295  7358  7775  7621  7128  7869  8117  8484  7938  8339  8765  9323  9320  9656  9778 10055 10737  9532  8852  8799  9383 10029  9801 10418 10855  9254  8918  8791  8366  7209  7591  7391  5145  5335  5875  5886  6097  6183  7058  7179  6522  6605  6875  6127  6396  5744  5971  5832  6212  6170  6024  6449  6732  7018  6991  7288  7430  7587  7476  7333  7364  7451  7279  7335  7422  7677  9887 11090 12018 12171 11426 12152 13725 14457 14911 14464 14148 13008 12595 16571 16610 16597 16161 15440 14955 14828 14522 12965 12428 11241 11474 13552 14984 15844 16621 15985
  1549   918   936  1237  1230  1541  1230  1106  1490  1149  1479   455     1   335   512   648   856  1082  1547  1060   891  1148  1670  1782  1835   760   988  1607  2599  1819  2429  2986  2037  2752  2463  2492  2681  3360  3826  4252  4347  4563  6089  6493  5662  5260  5784  5839  6280  6076  1994  2370  1956  2113  1962  1795  2026  2221  2289  2525  2634  2545  2744  2654  2783  2871  3586  3919  3919  4565  4677  4900  4696  3850  3565  3498  3375  3567  3023  2905  2561  2338  2228  2010  2149  2398  2460  2912  2727  3072  3071  2499  2811  3231  3107  3395  3634  3585  3587  3413  3798  3961  3922  3932  4070  4073  4068  4414  4666  4773  5219  4329  4849  5302  4778  5200  5439  5271  5561  5695  5911  5911  6305  4587  4812  5237  5443  5674  6233  6219  6213  6396  6365  6880  6941  7377  7225  6745  7507  7756  8116  7591  7991  8405  8966  8957  9286  9400  9668 10330  9138  8461  8384  8972  9623  9368  9986 10418  8814  8476  8352  7924  6769  7142  6939  4749  4890  5426  5450  5660  5763  6618  6728  6072  6151  6420  5675  5941  5289  5517  5377  5758  5718  5579  5997  6279  6566  6565  6853  6994  7145  7031  6888  6917  7003  6828  6881  6968  7222  9433 10639 11563 11719 11001 11822 13329 14053 14518 14034 13705 12565 12184 16137 16168 16148 15707 15020 14574 14394 14068 12512 11994 10816 11241 13289 14871 15619 16635 16251
  1757  1122  1260  1570  1564  1865  1548  1421  1773  1398  1669   766   335     1   233   804  1040  1241  1677  1131   853  1005  1602  1711  1672   545   720  1553  2495  1525  2150  2730  1709  2418  2142  2188  2372  3031  3563  3974  4102  4414  6062  6367  5542  5037  5587  5627  6084  5837  2142  2513  2048  2167  1995  1773  2011  2268  2306  2546  2652  2578  2757  2682  2819  2893  3549  3877  3877  4474  4594  4800  4565  3640  3376  3344  3230  3460  2896  2788  2481  2260  2165  1906  2004  2232  2343  2785  2566  2905  2856  2250  2546  2957  2805  3081  3322  3276  3287  3130  3513  3685  3652  3611  3755  3774  3760  4095  4342  4446  4891  4040  4540  4978  4492  4900  5125  4984  5270  5394  5621  5621  6012  4258  4480  4906  5111  5340  5901  5885  5879  6062  6032  6547  6608  7043  6890  6412  7178  7426  7785  7264  7664  8075  8636  8627  8954  9067  9335  9996  8803  8127  8051  8638  9289  9040  9657 10092  8490  8153  8027  7601  6445  6826  6630  4415  4569  5111  5123  5334  5430  6293  6416  5758  5848  6121  5366  5651  4988  5228  5090  5479  5450  5333  5727  6009  6294  6351  6623  6764  6900  6781  6637  6661  6744  6561  6605  6689  6926  9152 10327 11273 11410 10670 11499 12995 13719 14184 13705 13383 12243 11850 15810 15845 15833 15406 14803 14404 14157 13780 12234 11759 10598 11224 13240 14934 15589 16773 16543
  1988  1353  1447  1737  1708  1975  1651  1521  1822  1421  1635   878   512   233     1   786  1025  1196  1599  1031   700   793  1411  1518  1448   673   778  1734  2641  1515  2151  2755  1622  2280  1955  1981  2170  2933  3574  3967  4131  4522  6236  6487  5666  5084  5656  5684  6153  5868  2067  2432  1938  2031  1849  1601  1840  2128  2149  2389  2492  2427  2595  2528  2668  2733  3359  3685  3685  4264  4386  4587  4343  3408  3146  3119  3006  3246  2677  2573  2278  2059  1971  1699  1783  2006  2129  2566  2340  2677  2624  2020  2320  2733  2596  2884  3122  3073  3077  2910  3295  3463  3427  3423  3559  3563  3557  3904  4158  4269  4717  3824  4337  4794  4274  4690  4928  4767  5055  5185  5405  5405  5798  4086  4320  4740  4949  5191  5738  5735  5743  5922  5912  6417  6482  6898  6744  6255  7007  7255  7618  7086  7486  7904  8464  8457  8789  8908  9181  9860  8656  7977  7922  8506  9151  8932  9549  9991  8395  8063  7930  7510  6352  6753  6568  4268  4489  5042  5023  5237  5308  6201  6351  5691  5800  6079  5310  5623  4945  5203  5066  5465  5450  5357  5724  6004  6289  6404  6661  6801  6923  6798  6655  6672  6753  6561  6592  6673  6886  9132 10257 11237 11346 10551 11314 12849 13579 14036 13592 13291 12151 11717 15701 15748 15750 15349 14839 14481 14177 13743 12212 11785 10641 11398 13395 15137 15750 16995 16758
  2030  1449  1150  1303  1184  1326  1004   878  1067   647   866   465   648   804   786     1   240   442   900   446   492   866  1178  1285  1492  1342  1520  2254  3244  2298  2932  3526  2389  2982  2550  2489  2693  3682  4352  4751  4900  5196  6728  7135  6305  5839  6389  6430  6886  6636  1353  1728  1310  1482  1345  1235  1450  1591  1678  1909  2019  1921  2130  2031  2155  2251  3006  3340  3340  4033  4135  4376  4217  3522  3201  3071  2937  3066  2563  2431  2045  1827  1701  1549  1749  2026  2001  2455  2333  2680  2775  2309  2652  3088  3070  3406  3633  3570  3530  3292  3677  3805  3751  3974  4076  4002  4036  4438  4718  4850  5303  4215  4813  5344  4646  5119  5421  5137  5439  5610  5782  5782  6181  4684  4954  5352  5571  5844  6353  6386  6424  6592  6620  7108  7177  7553  7398  6884  7591  7836  8213  7641  8042  8482  9033  9038  9385  9517  9807 10525  9298  8615  8609  9183  9815  9653 10267 10720  9135  8807  8667  8256  7098  7517  7340  4933  5250  5811  5763  5980  6015  6947  7121  6459  6579  6860  6086  6408  5726  5989  5851  6250  6232  6129  6508  6788  7073  7154  7424  7565  7696  7575  7431  7451  7533  7344  7377  7458  7668  9917 11019 12019 12112 11251 11823 13479 14222 14656 14293 14025 12889 12384 16398 16465 16489 16116 15605 15200 14954 14524 12997 12557 11401 11871 13930 15436 16249 17084 16345
  2122  1577  1177  1264  1110  1181   875   760   858   430   631   561   856  1040  1025   240     1   235   706   401   625   998  1179  1278  1562  1574  1758  2454  3454  2537  3171  3765  2621  3194  2736  2654  2860  3906  4592  4990  5139  5417  6902  7347  6517  6076  6621  6665  7118  6875  1140  1516  1138  1339  1228  1181  1374  1450  1561  1782  1893  1784  2004  1895  2011  2117  2907  3240  3240  3964  4058  4310  4179  3564  3230  3070  2930  3022  2548  2410  2004  1792  1658  1555  1783  2067  1996  2444  2358  2699  2837  2419  2768  3205  3220  3566  3789  3722  3670  3414  3796  3912  3853  4140  4231  4135  4180  4597  4883  5021  5474  4333  4953  5504  4755  5243  5563  5243  5548  5731  5888  5888  6288  4860  5141  5531  5752  6034  6531  6574  6623  6787  6828  7309  7380  7742  7586  7065  7756  8000  8381  7797  8198  8645  9192  9201  9551  9688  9983 10715  9481  8797  8807  9377 10005  9863 10475 10932  9352  9026  8884  8476  7319  7744  7571  5129  5477  6040  5982  6200  6223  7167  7351  6689  6813  7095  6319  6646  5962  6227  6090  6490  6472  6368  6747  7028  7312  7389  7662  7803  7936  7814  7671  7691  7773  7584  7616  7697  7903 10155 11245 12254 12339 11452 11956 13652 14398 14822 14491 14238 13103 12571 16591 16666 16700 16342 15842 15426 15193 14759 13235 12796 11637 12031 14104 15531 16404 17097 16217
  2341  1807  1375  1421  1246  1242   967   871   833   428   440   792  1082  1241  1196   442   235     1   472   321   671  1011  1056  1145  1492  1782  1952  2685  3681  2709  3346  3950  2755  3283  2785  2674  2881  4018  4770  5157  5326  5637  7136  7573  6743  6272  6827  6866  7325  7063   913  1289   905  1114  1015  1012  1185  1225  1346  1561  1672  1559  1784  1670  1784  1893  2696  3028  3028  3766  3857  4115  4000  3449  3104  2921  2778  2843  2392  2251  1833  1628  1489  1426  1675  1961  1852  2291  2235  2570  2745  2378  2730  3165  3218  3576  3792  3720  3654  3379  3756  3858  3793  4154  4232  4108  4167  4600  4894  5039  5492  4290  4932  5507  4701  5204  5545  5185  5492  5687  5827  5827  6227  4887  5182  5559  5784  6080  6556  6616  6681  6839  6901  7370  7444  7783  7627  7094  7763  8005  8390  7792  8191  8646  9187  9201  9557  9700 10001 10752  9510  8825  8862  9425 10044  9937 10546 11009  9441  9120  8972  8572  7417  7858  7695  5184  5593  6163  6079  6299  6297  7266  7474  6811  6950  7236  6450  6797  6103  6381  6245  6651  6642  6552  6916  7194  7478  7589  7854  7995  8119  7994  7851  7867  7947  7753  7777  7856  8044 10307 11353 12391 12450 11508 11917 13661 14410 14820 14539 14312 13183 12604 16624 16713 16767 16444 16034 15641 15373 14890 13382 12981 11833 12264 14338 15742 16635 17254 16248
  2784  2270  1793  1779  1579  1459  1256  1196   955   706   325  1258  1547  1677  1599   900   706   472     1   575   959  1200   962  1012  1473  2221  2372  3153  4143  3088  3726  4343  3071  3513  2950  2788  2992  4283  5149  5516  5719  6088  7607  8033  7204  6681  7253  7282  7750  7454   469   837   446   689   649   798   890   798   954  1143  1252  1127  1362  1237  1339  1458  2293  2620  2620  3393  3473  3744  3670  3269  2906  2671  2523  2522  2136  1989  1552  1375  1232  1279  1559  1837  1641  2045  2061  2372  2627  2377  2727  3148  3277  3653  3852  3773  3679  3369  3730  3802  3728  4233  4282  4107  4193  4654  4960  5119  5567  4251  4934  5553  4637  5167  5546  5108  5418  5637  5742  5742  6139  4984  5304  5655  5885  6205  6640  6732  6828  6972  7076  7519  7599  7890  7734  7184  7803  8040  8432  7807  8202  8671  9199  9223  9588  9743 10056 10842  9586  8905  8993  9540 10139 10102 10703 11178  9638  9328  9169  8785  7639  8109  7967  5335  5856  6436  6304  6526  6478  7489  7742  7080  7246  7538  6739  7122  6413  6712  6579  6995  7001  6938  7271  7547  7828  8001  8251  8391  8500  8369  8227  8237  8313  8109  8118  8192  8346 10626 11581 12673 12680 11631 11847 13679 14431 14809 14631 14459 13348 12676 16663 16781 16874 16630 16417 16077 15732 15150 13684 13357 12232 12731 14809 16152 17097 17521 16255
  2472  1894  1562  1664  1509  1548  1258  1151  1154   743   699   902  1060  1131  1031   446   401   321   575     1   393   699   779   878  1180  1673  1808  2654  3622  2513  3151  3769  2509  2995  2477  2357  2564  3745  4574  4943  5144  5542  7148  7498  6672  6108  6686  6711  7183  6879  1042  1402   917  1054   906   796  1006  1161  1236  1470  1580  1486  1690  1595  1724  1814  2561  2895  2895  3593  3693  3937  3790  3166  2830  2670  2531  2636  2151  2015  1615  1400  1269  1154  1385  1670  1596  2046  1958  2299  2446  2059  2411  2846  2897  3257  3472  3400  3333  3060  3438  3543  3480  3835  3911  3788  3847  4280  4575  4721  5173  3973  4612  5187  4387  4886  5224  4872  5179  5371  5515  5515  5915  4570  4868  5243  5468  5767  6239  6303  6373  6528  6600  7063  7138  7468  7312  6778  7443  7684  8070  7471  7870  8325  8867  8881  9236  9380  9682 10437  9192  8508  8552  9112  9728  9635 10242 10708  9147  8829  8678  8282  7130  7582  7429  4876  5322  5896  5792  6013  5997  6979  7205  6542  6695  6985  6191  6560  5856  6148  6013  6426  6429  6363  6700  6977  7259  7429  7677  7817  7925  7795  7653  7663  7740  7538  7551  7626  7793 10067 11071 12132 12169 11197 11600 13340 14090 14499 14225 14007 12882 12287 16305 16398 16457 16152 15843 15511 15162 14622 13134 12783 11657 12300 14346 15881 16678 17495 16567
  2416  1798  1613  1791  1676  1799  1483  1361  1474  1045  1085   917   891   853   700   492   625   671   959   393     1   377   780   891  1012  1369  1470  2406  3337  2137  2773  3397  2117  2614  2121  2030  2236  3357  4194  4557  4770  5219  6914  7187  6366  5740  6330  6347  6826  6502  1420  1770  1251  1331  1150   923  1160  1428  1455  1696  1800  1730  1905  1833  1971  2041  2709  3039  3039  3674  3787  4009  3814  3048  2737  2634  2505  2678  2143  2021  1670  1448  1339  1125  1291  1559  1579  2033  1877  2225  2291  1817  2162  2598  2596  2942  3165  3098  3050  2803  3188  3314  3259  3515  3607  3518  3558  3972  4258  4397  4850  3726  4333  4879  4155  4632  4942  4645  4948  5122  5290  5290  5690  4238  4523  4909  5131  5419  5908  5958  6015  6175  6232  6703  6777  7125  6969  6443  7131  7375  7756  7173  7574  8020  8567  8576  8926  9064  9359 10097  8860  8176  8198  8764  9387  9268  9878 10340  8771  8451  8302  7903  6749  7195  7039  4519  4933  5506  5411  5631  5628  6598  6816  6153  6303  6593  5800  6168  5464  5756  5622  6037  6043  5984  6313  6589  6870  7063  7302  7442  7544  7412  7270  7278  7354  7150  7161  7236  7401  9675 10687 11741 11784 10843 11340 13027 13774 14197 13879 13643 12514 11952 15973 16054 16100 15775 15459 15152 14774 14233 12742 12399 11281 12076 14089 15758 16441 17509 16831
  2696  2065  1958  2156  2048  2175  1860  1737  1834  1409  1390  1266  1148  1005   793   866   998  1011  1200   699   377     1   644   743   688  1442  1476  2519  3388  2019  2639  3276  1906  2314  1779  1665  1872  3084  4041  4374  4634  5196  7007  7174  6364  5621  6237  6237  6731  6353  1628  1945  1389  1394  1191   878  1109  1473  1445  1679  1773  1732  1868  1823  1968  2012  2579  2902  2902  3472  3594  3796  3564  2715  2420  2354  2234  2456  1893  1784  1487  1271  1190   906  1006  1251  1339  1782  1580  1925  1946  1445  1787  2223  2223  2573  2793  2725  2674  2427  2812  2941  2888  3148  3235  3141  3183  3602  3890  4032  4485  3350  3957  4509  3781  4256  4567  4272  4574  4745  4917  4917  5316  3878  4172  4550  4774  5070  5548  5606  5675  5830  5904  6365  6440  6772  6616  6085  6763  7006  7388  6800  7201  7649  8195  8205  8557  8697  8995  9742  8500  7816  7854  8415  9033  8938  9545 10012  8456  8140  7986  7595  6446  6910  6767  4178  4657  5237  5109  5331  5302  6295  6542  5880  6052  6346  5543  5943  5225  5539  5407  5831  5854  5829  6119  6391  6668  6942  7157  7296  7376  7237  7096  7097  7168  6953  6948  7018  7153  9438 10388 11474 11486 10499 10963 12660 13408 13827 13529 13310 12186 11594 15615 15702 15759 15459 15263 15027 14560 13952 12487 12211 11124 12165 14129 15929 16488 17772 17208
  3184  2574  2325  2442  2286  2295  2022  1922  1846  1478  1258  1642  1670  1602  1411  1178  1179  1056   962   779   780   644     1   112   520  2075  2119  3144  4030  2633  3239  3879  2455  2722  2094  1885  2082  3526  4617  4922  5220  5834  7643  7812  7005  6215  6847  6835  7338  6923  1259  1496   938   842   637   278   480   897   826  1051  1139  1112  1231  1196  1342  1376  1949  2276  2276  2895  3008  3230  3045  2394  2053  1896  1760  1902  1385  1255   891   668   564   376   621   907   823  1277  1181  1521  1696  1419  1766  2187  2332  2713  2904  2823  2721  2407  2769  2846  2775  3291  3329  3146  3234  3701  4010  4174  4619  3293  3973  4597  3685  4209  4584  4161  4471  4682  4799  4799  5198  4048  4381  4716  4948  5280  5693  5799  5914  6049  6183  6605  6688  6950  6795  6238  6844  7079  7473  6846  7241  7710  8238  8261  8626  8783  9098  9892  8633  7953  8063  8601  9191  9191  9785 10266  8754  8454  8286  7919  6789  7290  7177  4432  5073  5662  5466  5689  5592  6641  6948  6293  6501  6801  5986  6432  5700  6039  5912  6345  6388  6395  6646  6911  7183  7532  7728  7865  7926  7780  7641  7633  7698  7473  7448  7513  7600  9893 10718 11869 11813 10693 10903 12718 13470 13851 13676 13524 12427 11719 15702 15820 15919 15707 15748 15592 15025 14300 12899 12722 11673 12803 14772 16532 17131 18262 17216
  3295  2685  2430  2541  2381  2377  2111  2013  1919  1562  1319  1749  1782  1711  1518  1285  1278  1145  1012   878   891   743   112     1   512  2180  2219  3251  4131  2714  3315  3955  2519  2754  2112  1889  2082  3562  4684  4980  5289  5924  7748  7903  7098  6287  6923  6908  7413  6986  1274  1486   938   810   612   256   412   852   759   975  1058  1042  1145  1120  1265  1291  1842  2168  2168  2784  2897  3119  2936  2306  1960  1793  1656  1792  1278  1147   780   557   454   282   549   832   720  1172  1091  1427  1623  1388  1731  2144  2313  2696  2881  2798  2689  2365  2721  2790  2716  3271  3302  3104  3199  3673  3984  4151  4594  3240  3930  4564  3626  4155  4540  4098  4408  4625  4734  4734  5132  4031  4369  4697  4929  5267  5668  5782  5905  6036  6181  6595  6680  6929  6774  6213  6806  7040  7435  6802  7196  7668  8192  8218  8585  8744  9061  9862  8602  7924  8046  8579  9163  9181  9772 10255  8753  8457  8286  7924  6799  7307  7200  4428  5100  5690  5480  5704  5594  6651  6971  6318  6534  6835  6018  6474  5739  6084  5959  6393  6441  6457  6697  6961  7231  7601  7791  7927  7982  7835  7697  7686  7750  7522  7492  7555  7632  9924 10722 11885 11815 10670 10839 12671 13422 13797 13642 13503 12412 11684 15654 15777 15883 15687 15781 15648 15054 14304 12918 12765 11728 12907 14868 16643 17226 18368 17259
  3383  2751  2624  2794  2664  2728  2434  2322  2313  1919  1754  1928  1835  1672  1448  1492  1562  1492  1473  1180  1012   688   520   512     1  2050  2027  3129  3927  2384  2949  3585  2113  2266  1610  1378  1571  3078  4275  4544  4887  5622  7563  7596  6808  5890  6545  6514  7029  6559  1777  1997  1448  1316  1122   768   893  1348  1223  1411  1473  1489  1541  1550  1691  1685  2058  2360  2360  2844  2975  3156  2897  2037  1734  1673  1559  1821  1239  1147   946   769   759   412   346   564   720  1128   896  1239  1283   906  1258  1685  1812  2194  2385  2304  2207  1904  2273  2367  2302  2771  2812  2640  2721  3183  3492  3654  4100  2804  3468  4081  3211  3720  4080  3694  4001  4200  4336  4336  4736  3528  3862  4196  4428  4761  5174  5280  5396  5530  5670  6087  6171  6430  6275  5718  6331  6568  6961  6339  6736  7202  7733  7754  8117  8271  8584  9374  8116  7435  7543  8081  8672  8674  9266  9748  8242  7945  7775  7412  6289  6799  6697  3918  4603  5193  4972  5195  5082  6141  6468  5817  6042  6344  5525  5996  5258  5614  5491  5928  5989  6029  6239  6498  6765  7194  7363  7497  7536  7384  7248  7231  7292  7058  7018  7078  7137  9429 10210 11376 11304 10173 10428 12214 12966 13356 13160 13005 11908 11204 15196 15309 15403 15187 15285 15192 14554 13792 12411 12285 11272 12692 14580 16529 16914 18442 17720
  1655  1087  1498  1847  1900  2257  1962  1844  2249  1904  2204  1210   760   545   673  1342  1574  1782  2221  1673  1369  1442  2075  2180  2050     1   264  1081  1969  1094  1681  2226  1419  2218  2105  2235  2391  2719  3068  3498  3588  3870  5568  5827  5003  4508  5048  5093  5545  5318  2685  3057  2589  2697  2519  2273  2511  2796  2821  3061  3164  3098  3267  3200  3340  3406  4020  4343  4343  4891  5019  5205  4934  3900  3675  3696  3594  3869  3288  3193  2927  2712  2630  2342  2394  2588  2756  3178  2920  3244  3119  2460  2710  3084  2844  3064  3305  3274  3324  3230  3599  3795  3776  3545  3718  3806  3758  4031  4248  4329  4759  4102  4520  4881  4559  4913  5079  5043  5312  5401  5663  5663  6043  4127  4303  4746  4937  5127  5722  5667  5623  5818  5739  6272  6325  6807  6657  6212  7016  7265  7607  7130  7525  7910  8475  8454  8764  8862  9111  9723  8566  7900  7767  8362  9023  8705  9322  9740  8131  7788  7674  7238  6088  6434  6218  4202  4201  4719  4790  4992  5145  5939  6010  5360  5419  5683  4952  5194  4556  4769  4629  5004  4960  4820  5239  5522  5808  5818  6099  6240  6386  6272  6128  6157  6243  6069  6126  6213  6481  8678  9918 10814 10990 10352 11367 12736 13440 13922 13364 13004 11866 11562 15449 15464 15425 14963 14273 13861 13639 13316 11755 11238 10068 10729 12722 14494 15078 16401 16482
  1881  1336  1761  2110  2158  2508  2207  2087  2475  2113  2385  1442   988   720   778  1520  1758  1952  2372  1808  1470  1476  2119  2219  2027   264     1  1133  1915   838  1442  2011  1158  1966  1895  2052  2196  2455  2847  3266  3383  3750  5545  5720  4903  4321  4882  4915  5379  5118  2840  3207  2715  2799  2611  2338  2575  2893  2898  3138  3236  3181  3336  3279  3422  3478  4045  4361  4361  4867  5000  5172  4878  3789  3585  3635  3543  3844  3256  3172  2937  2729  2660  2353  2372  2542  2744  3148  2868  3180  3015  2339  2565  2921  2650  2850  3091  3064  3126  3055  3416  3620  3607  3316  3495  3604  3545  3801  4010  4086  4513  3909  4300  4641  4366  4701  4850  4845  5108  5186  5458  5458  5834  3881  4050  4495  4683  4868  5467  5407  5361  5556  5475  6009  6062  6545  6396  5953  6763  7011  7351  6881  7275  7655  8220  8198  8506  8602  8849  9459  8303  7639  7504  8099  8759  8442  9059  9479  7870  7528  7413  6977  5827  6177  5965  3944  3940  4462  4527  4730  4881  5677  5756  5104  5170  5437  4699  4954  4307  4530  4390  4772  4736  4614  5014  5296  5582  5637  5905  6046  6181  6062  5919  5943  6027  5847  5896  5982  6237  8447  9666 10576 10740 10089 11115 12472 13176 13658 13103 12747 11608 11299 15190 15208 15175 14721 14085 13706 13438 13081 11527 11040  9882 10694 12656 14503 15014 16448 16673
  1298  1149  1830  2161  2313  2729  2517  2434  2913  2675  3060  1949  1607  1553  1734  2254  2454  2685  3153  2654  2406  2519  3144  3251  3129  1081  1133     1  1019  1419  1670  1938  1959  2785  2911  3120  3239  3009  2733  3220  3114  3016  4509  4904  4072  3897  4328  4422  4813  4755  3594  3969  3560  3705  3541  3325  3563  3810  3857  4097  4203  4126  4309  4231  4366  4444  5092  5418  5418  5972  6099  6284  6003  4917  4718  4762  4665  4949  4366  4274  4005  3789  3703  3422  3473  3660  3837  4256  3990  4308  4146  3466  3676  4009  3689  3831  4063  4053  4146  4124  4467  4684  4681  4225  4431  4607  4517  4696  4857  4896  5287  4931  5231  5462  5383  5659  5734  5845  6089  6128  6433  6433  6790  4678  4768  5225  5382  5489  6134  6004  5882  6094  5907  6469  6502  7072  6934  6568  7429  7672  7973  7591  7968  8296  8855  8813  9084  9148  9353  9845  8789  8160  7907  8506  9174  8700  9303  9670  8075  7724  7645  7190  6091  6325  6058  4603  4244  4670  4898  5072  5353  5950  5876  5270  5228  5452  4826  4913  4387  4493  4354  4661  4554  4307  4833  5113  5394  5144  5483  5623  5828  5741  5600  5654  5753  5622  5733  5832  6206  8255  9690 10411 10707 10357 11750 12823 13464 13970 13244 12794 11688 11612 15212 15173 15072 14526 13532 13009 12963 12853 11270 10581  9365  9671 11695 13414 14039 15328 15639
  2121  2141  2826  3142  3308  3726  3528  3449  3930  3691  4068  2962  2599  2495  2641  3244  3454  3681  4143  3622  3337  3388  4030  4131  3927  1969  1915  1019     1  1734  1580  1469  2264  2964  3312  3590  3657  2896  2071  2561  2301  2000  3637  3895  3064  2961  3337  3450  3815  3829  4593  4969  4537  4661  4486  4238  4476  4762  4789  5029  5132  5066  5234  5168  5308  5373  5959  6274  6274  6749  6886  7039  6709  5503  5363  5473  5396  5730  5139  5065  4850  4643  4574  4266  4269  4415  4646  5033  4730  5018  4774  4080  4220  4478  4073  4118  4324  4338  4478  4547  4840  5076  5094  4390  4621  4889  4754  4817  4910  4903  5233  5234  5379  5457  5662  5831  5800  6082  6284  6261  6608  6608  6928  4680  4677  5123  5240  5261  5927  5729  5539  5761  5483  6049  6065  6696  6572  6293  7180  7412  7666  7386  7735  7998  8538  8478  8704  8736  8898  9280  8331  7749  7399  7986  8647  8060  8642  8967  7410  7059  7009  6550  5520  5660  5363  4458  3788  4111  4463  4604  4987  5390  5203  4651  4533  4721  4196  4162  3743  3762  3629  3875  3728  3418  3998  4269  4542  4164  4523  4661  4891  4818  4680  4747  4850  4746  4887  4992  5426  7358  8885  9505  9859  9694 11367 12172 12756 13268 12451 11959 10886 10959 14325 14265 14140 13571 12516 11993 11955 11903 10323  9583  8360  8780 10755 12607 13111 14588 15295
