96
    1 1667 2047 2348 2574 2762 2895 2863 3248 3534 3140 3761 4078 3984 4202 4803 5723 5913 5905 5809 5993 6444 5969 5788 5252 6714 6837 7220  984  657  789  929 2148 1658 1620 1277 1340 1739 2360 2606 2820 2877 2980 2404 2780 3442 3979 4194 3083 3499 3667 3722 3991 4726 3963 4794 4794 4878 5507 5607 6166 6169 6345 6826 7669 7248 7322 7322 4829 5258 6326 6473 6629 6905 6981 7299 7493 7503 3883 5976 5819 6102 6245 6970 7199 7260 7289 7649 7704 7436 6941 8431 8578 8579 9667 8942
 1667    1  447  756  948 1138 1297 1227 1677 1970 2147 2225 2573 2532 2797 3452 4407 4596 4613 4518 4859 5429 5111 5013 4531 5797 6090 6379 1116 1573 1674 1782 1820 1925 2100 2126 2237 2506 2813 2861 3051 3016 3079 2302 2481 3040 3473 3653 3144 3424 3881 3750 3889 4456 4080 4904 4904 4755 5461 5339 5942 5845 5958 6428 7052 6893 7023 7023 5117 5606 6374 6530 6767 7171 7098 7311 7609 7804 4907 7317 6415 6643 6913 7371 7586 7670 7802 8061 8267 8036 7667 8526 8470 8305 9506 8387
 2047  447    1  705  791  960 1142 1016 1521 1806 2298 2074 2433 2432 2717 3383 4335 4520 4548 4455 4858 5464 5204 5134 4679 5859 6203 6458 1562 2012 2117 2227 2175 2350 2535 2572 2683 2948 3230 3256 3438 3392 3447 2667 2802 3315 3709 3874 3505 3754 4249 4090 4202 4722 4428 5238 5238 5046 5758 5590 6193 6075 6171 6632 7189 7102 7244 7244 5478 5971 6678 6834 7083 7507 7408 7597 7914 8141 5348 7764 6809 7028 7313 7728 7940 8027 8174 8415 8644 8420 8069 8818 8720 8517 9733 8526
 2348  756  705    1  242  418  551  526  924 1217 1620 1469 1817 1782 2054 2716 3671 3859 3881 3787 4164 4762 4500 4434 3987 5155 5500 5753 1583 2105 2166 2235 1746 2116 2341 2504 2613 2791 2925 2878 3034 2961 2998 2235 2284 2723 3072 3224 3039 3229 3783 3576 3645 4104 3924 4701 4701 4454 5166 4953 5555 5420 5505 5960 6490 6431 6580 6580 4985 5481 6090 6245 6510 6960 6823 6986 7321 7591 5131 7656 6378 6573 6896 7215 7418 7511 7687 7892 8165 7957 7658 8208 8072 7845 9068 7827
 2574  948  791  242    1  191  359  290  742 1034 1668 1297 1653 1642 1927 2593 3545 3730 3758 3665 4077 4694 4468 4420 3993 5102 5476 5707 1824 2346 2408 2477 1935 2341 2569 2743 2851 3022 3133 3070 3218 3137 3169 2417 2434 2832 3147 3286 3203 3368 3944 3718 3768 4189 4068 4828 4828 4553 5263 5020 5619 5470 5543 5990 6477 6462 6618 6618 5130 5626 6187 6341 6614 7076 6921 7066 7413 7705 5348 7884 6542 6729 7063 7346 7546 7640 7828 8018 8308 8106 7825 8287 8123 7873 9101 7810
 2762 1138  960  418  191    1  185  116  562  851 1628 1116 1475 1476 1765 2432 3380 3564 3595 3503 3931 4559 4356 4320 3907 4975 5367 5585 1994 2519 2575 2639 2018 2465 2698 2892 3000 3155 3232 3149 3288 3200 3225 2489 2474 2832 3117 3246 3253 3394 3987 3745 3776 4163 4097 4838 4838 4539 5246 4978 5574 5415 5479 5919 6374 6390 6551 6551 5157 5652 6168 6321 6600 7073 6901 7032 7388 7700 5455 8009 6585 6763 7109 7356 7552 7649 7847 8023 8329 8133 7870 8251 8065 7798 9028 7704
 2895 1297 1142  551  359  185    1  190  384  676 1507  939 1295 1292 1581 2247 3196 3380 3411 3319 3748 4377 4183 4153 3748 4796 5195 5407 2091 2619 2666 2721 2005 2495 2734 2954 3060 3192 3230 3127 3255 3160 3178 2461 2416 2736 2996 3117 3200 3318 3927 3669 3684 4043 4021 4746 4746 4427 5131 4846 5438 5272 5331 5766 6205 6238 6402 6402 5078 5572 6051 6203 6487 6967 6783 6904 7265 7592 5458 8029 6520 6690 7046 7261 7454 7552 7759 7923 8242 8052 7806 8120 7919 7642 8874 7533
 2863 1227 1016  526  290  116  190    1  517  794 1690 1063 1423 1441 1735 2400 3342 3524 3559 3468 3914 4550 4366 4339 3937 4973 5378 5586 2106 2630 2688 2753 2125 2579 2813 3007 3115 3269 3342 3255 3391 3301 3323 2593 2568 2909 3179 3303 3349 3481 4081 3833 3856 4226 4184 4918 4918 4608 5313 5033 5626 5461 5520 5955 6389 6427 6591 6591 5243 5738 6233 6386 6669 7146 6966 7090 7450 7771 5567 8122 6677 6852 7202 7435 7629 7726 7929 8099 8412 8219 7963 8307 8108 7831 9063 7716
 3248 1677 1521  924  742  562  384  517    1  294 1422  555  913  924 1220 1884 2826 3008 3043 2952 3405 4048 3893 3885 3510 4480 4907 5096 2405 2934 2969 3010 2147 2706 2952 3212 3314 3410 3375 3233 3340 3231 3235 2566 2458 2685 2878 2975 3244 3308 3946 3658 3633 3919 4008 4687 4687 4323 5014 4683 5265 5080 5121 5542 5924 6012 6184 6184 5050 5538 5925 6074 6370 6868 6652 6745 7122 7484 5599 8195 6516 6667 7045 7187 7371 7472 7699 7834 8183 8008 7800 7952 7711 7405 8638 7244
 3534 1970 1806 1217 1034  851  676  794  294    1 1461  271  631  676  976 1629 2559 2739 2778 2688 3169 3825 3710 3722 3377 4269 4721 4888 2675 3202 3230 3264 2323 2918 3165 3448 3548 3620 3540 3374 3465 3346 3342 2713 2563 2719 2855 2932 3340 3365 4020 3710 3656 3881 4056 4698 4698 4298 4977 4609 5180 4980 5006 5413 5743 5879 6059 6059 5082 5563 5876 6022 6326 6837 6597 6666 7055 7444 5751 8359 6560 6696 7090 7174 7351 7454 7697 7808 8180 8016 7839 7863 7590 7259 8490 7052
 3140 2147 2298 1620 1668 1628 1507 1690 1422 1461    1 1451 1526 1319 1362 1786 2628 2814 2793 2698 2857 3349 2973 2866 2389 3679 3944 4245 2157 2590 2546 2508 1197 1897 2129 2529 2602 2532 2258 2024 2075 1941 1920 1414 1158 1266 1490 1620 1905 1905 2563 2250 2212 2537 2597 3267 3267 2922 3625 3353 3951 3805 3885 4340 4908 4811 4960 4960 3632 4118 4544 4696 4981 5465 5277 5405 5761 6087 4388 7003 5104 5248 5633 5771 5959 6059 6280 6425 6764 6586 6386 6624 6458 6226 7448 6244
 3761 2225 2074 1469 1297 1116  939 1063  555  271 1451    1  361  428  724 1366 2290 2469 2510 2421 2912 3575 3485 3511 3190 4024 4493 4645 2878 3402 3421 3446 2425 3052 3300 3607 3703 3749 3620 3431 3506 3379 3365 2781 2592 2680 2763 2821 3354 3342 4008 3680 3600 3770 4020 4624 4624 4196 4861 4464 5024 4812 4827 5222 5516 5685 5870 5870 5027 5500 5747 5891 6201 6721 6462 6512 6910 7321 5809 8424 6512 6633 7041 7074 7244 7349 7605 7696 8087 7933 7783 7699 7401 7054 8283 6818
 4078 2573 2433 1817 1653 1475 1295 1423  913  631 1526  361    1  223  433 1024 1935 2112 2155 2067 2579 3251 3202 3251 2969 3710 4202 4332 3171 3689 3698 3712 2607 3264 3511 3845 3937 3951 3764 3547 3600 3464 3439 2918 2683 2680 2689 2719 3416 3354 4029 3680 3564 3656 4009 4558 4558 4093 4733 4298 4839 4612 4609 4986 5226 5444 5635 5635 4983 5444 5600 5739 6057 6588 6302 6326 6734 7174 5913 8528 6471 6573 6997 6961 7121 7228 7500 7564 7979 7839 7727 7495 7164 6793 8017 6514
 3984 2532 2432 1782 1642 1476 1292 1441  924  676 1319  428  223    1  300  960 1905 2089 2120 2029 2493 3151 3059 3091 2787 3598 4066 4218 3057 3567 3568 3573 2427 3096 3342 3689 3777 3776 3567 3342 3390 3253 3225 2721 2474 2458 2468 2502 3200 3133 3808 3458 3342 3441 3787 4337 4337 3877 4522 4097 4644 4422 4427 4814 5090 5274 5462 5462 4761 5223 5393 5534 5850 6378 6099 6132 6537 6968 5703 8316 6249 6352 6775 6747 6910 7016 7285 7354 7765 7622 7506 7309 6993 6636 7863 6390
 4202 2797 2717 2054 1927 1765 1581 1735 1220  976 1362  724  433  300    1  667 1619 1806 1832 1739 2193 2852 2774 2818 2539 3301 3778 3922 3256 3755 3745 3740 2529 3216 3457 3826 3910 3878 3617 3368 3397 3253 3215 2775 2492 2393 2338 2347 3180 3070 3747 3381 3236 3271 3698 4199 4199 3711 4336 3884 4417 4185 4179 4554 4802 5011 5202 5202 4639 5089 5191 5328 5648 6184 5887 5902 6313 6764 5701 8305 6124 6212 6646 6567 6722 6830 7110 7159 7586 7455 7367 7067 6732 6362 7587 6098
 4803 3452 3383 2716 2593 2432 2247 2400 1884 1629 1786 1366 1024  960  667    1  956 1144 1166 1073 1556 2234 2251 2349 2176 2701 3226 3323 3838 4318 4293 4271 2982 3682 3913 4313 4387 4305 3955 3668 3658 3505 3447 3143 2802 2544 2340 2285 3392 3195 3855 3465 3256 3125 3746 4117 4117 3569 4125 3602 4084 3822 3780 4111 4245 4552 4754 4754 4588 5001 4919 5046 5375 5925 5580 5543 5971 6473 5906 8465 6046 6095 6553 6341 6476 6586 6895 6890 7359 7256 7240 6663 6268 5855 7066 5513
 5723 4407 4335 3671 3545 3380 3196 3342 2826 2559 2628 2290 1935 1905 1619  956    1  191  222  147  834 1511 1793 2004 2069 2004 2621 2599 4748 5209 5171 5136 3800 4496 4713 5136 5200 5070 4637 4319 4268 4111 4035 3880 3499 3097 2744 2618 3960 3676 4282 3881 3606 3259 4103 4279 4279 3677 4097 3492 3861 3563 3458 3692 3594 4085 4302 4302 4774 5119 4761 4866 5200 5756 5345 5223 5666 6238 6386 8838 6143 6134 6615 6212 6312 6424 6767 6681 7203 7145 7236 6242 5751 5269 6435 4778
 5913 4596 4520 3859 3730 3564 3380 3524 3008 2739 2814 2469 2112 2089 1806 1144  191    1  112  147  786 1428 1782 2015 2129 1919 2555 2499 4937 5397 5358 5322 3983 4677 4892 5318 5381 5244 4802 4480 4424 4267 4188 4053 3668 3250 2880 2744 4111 3815 4410 4009 3726 3346 4220 4363 4363 3755 4147 3530 3873 3569 3452 3662 3507 4040 4260 4260 4859 5190 4780 4880 5213 5768 5345 5206 5650 6235 6516 8944 6206 6186 6670 6230 6323 6434 6784 6681 7212 7163 7276 6198 5687 5190 6343 4663
 5905 4613 4548 3881 3758 3595 3411 3559 3043 2778 2793 2510 2155 2120 1832 1166  222  112    1   97  676 1325 1670 1904 2026 1818 2449 2403 4927 5381 5339 5298 3952 4644 4856 5285 5346 5201 4748 4423 4362 4205 4125 4009 3620 3187 2805 2664 4046 3742 4330 3929 3642 3248 4135 4264 4264 3655 4040 3422 3762 3458 3340 3551 3407 3931 4150 4150 4761 5088 4670 4770 5102 5657 5234 5094 5539 6123 6436 8852 6102 6079 6564 6120 6212 6323 6673 6569 7101 7053 7167 6090 5581 5088 6244 4573
 5809 4518 4455 3787 3665 3503 3319 3468 2952 2688 2698 2421 2067 2029 1739 1073  147  147   97    1  697 1367 1673 1896 1991 1860 2482 2454 4831 5285 5244 5204 3859 4552 4765 5193 5254 5112 4663 4340 4282 4125 4046 3920 3533 3107 2734 2598 3968 3669 4263 3862 3579 3202 4073 4220 4220 3613 4013 3400 3754 3453 3342 3566 3451 3953 4171 4171 4717 5051 4659 4761 5094 5650 5233 5102 5546 6124 6369 8798 6069 6052 6535 6110 6206 6317 6664 6569 7095 7042 7146 6111 5613 5128 6291 4631
 5993 4859 4858 4164 4077 3931 3748 3914 3405 3169 2857 2912 2579 2493 2193 1556  834  786  676  697    1  694 1008 1265 1487 1183 1788 1794 5011 5420 5357 5296 3926 4590 4780 5226 5273 5076 4554 4213 4119 3965 3873 3893 3485 2958 2499 2323 3782 3427 3954 3562 3246 2748 3722 3742 3742 3125 3442 2808 3111 2802 2674 2876 2770 3257 3476 3476 4238 4528 4024 4118 4450 5002 4570 4422 4866 5456 6044 8363 5519 5476 5964 5471 5556 5666 6022 5905 6442 6403 6543 5416 4917 4438 5612 3985
 6444 5429 5464 4762 4694 4559 4377 4550 4048 3825 3349 3575 3251 3151 2852 2234 1511 1428 1325 1367  694    1  694 1004 1447  494 1134 1100 5471 5840 5762 5684 4322 4948 5114 5566 5600 5360 4781 4432 4307 4160 4059 4212 3798 3203 2687 2483 3958 3559 3992 3625 3283 2657 3719 3572 3572 2964 3138 2489 2672 2355 2185 2304 2084 2644 2866 2866 4053 4273 3586 3661 3984 4524 4062 3866 4311 4929 6016 8173 5206 5124 5612 5006 5067 5176 5545 5383 5941 5928 6132 4795 4262 3764 4926 3292
 5969 5111 5204 4500 4468 4356 4183 4366 3893 3710 2973 3485 3202 3059 2774 2251 1793 1782 1670 1673 1008  694    1  311  789  753 1014 1274 5016 5343 5252 5162 3824 4409 4557 5009 5034 4768 4164 3814 3675 3534 3429 3657 3246 2618 2083 1870 3325 2911 3313 2953 2608 1964 3032 2883 2883 2272 2485 1839 2105 1795 1670 1908 2034 2322 2533 2533 3368 3606 3020 3112 3443 3995 3565 3430 3874 4453 5323 7494 4564 4501 4990 4464 4548 4659 5015 4900 5435 5396 5548 4468 4026 3606 4821 3352
 5788 5013 5134 4434 4420 4320 4153 4339 3885 3722 2866 3511 3251 3091 2818 2349 2004 2015 1904 1896 1265 1004  311    1  543  998 1080 1433 4849 5153 5055 4958 3640 4200 4336 4788 4807 4527 3910 3560 3413 3276 3169 3442 3036 2393 1851 1634 3063 2641 3019 2666 2318 1657 2733 2573 2573 1962 2191 1549 1859 1559 1464 1763 2058 2205 2406 2406 3058 3303 2766 2866 3199 3755 3342 3239 3678 4236 5016 7187 4271 4217 4705 4216 4310 4422 4770 4677 5200 5149 5278 4321 3924 3545 4773 3393
 5252 4531 4679 3987 3993 3907 3748 3937 3510 3377 2389 3190 2969 2787 2539 2176 2069 2129 2026 1991 1487 1447  789  543    1 1529 1593 1973 4319 4614 4515 4417 3106 3659 3794 4245 4265 3989 3378 3028 2887 2746 2641 2900 2494 1851 1309 1093 2537 2123 2548 2178 1837 1264 2284 2257 2257 1641 2032 1448 1908 1654 1641 2036 2522 2503 2682 2682 2753 3064 2755 2877 3209 3763 3405 3376 3799 4299 4598 6876 4078 4066 4547 4195 4317 4428 4752 4720 5205 5121 5175 4528 4213 3897 5129 3857
 6714 5797 5859 5155 5102 4975 4796 4973 4480 4269 3679 4024 3710 3598 3301 2701 2004 1919 1818 1860 1183  494  753  998 1529    1  668  622 5755 6092 6002 5913 4571 5162 5309 5762 5786 5516 4905 4555 4410 4272 4166 4409 3999 3370 2833 2618 4060 3638 3996 3654 3304 2608 3699 3436 3436 2851 2912 2272 2353 2039 1839 1885 1591 2190 2413 2413 3896 4060 3251 3310 3622 4149 3670 3443 3885 4518 5942 7968 4941 4831 5316 4637 4682 4789 5165 4974 5543 5548 5792 4327 3778 3272 4432 2813
 6837 6090 6203 5500 5476 5367 5195 5378 4907 4721 3944 4493 4202 4066 3778 3226 2621 2555 2449 2482 1788 1134 1014 1080 1593  668    1  492 5911 6194 6089 5985 4694 5223 5340 5786 5795 5489 4843 4499 4331 4206 4096 4461 4065 3408 2865 2648 3986 3547 3793 3495 3146 2388 3474 3068 3068 2535 2448 1848 1795 1496 1268 1234 1025 1522 1745 1745 3490 3587 2657 2702 3002 3516 3026 2782 3222 3861 5606 7469 4400 4264 4743 4005 4040 4145 4525 4317 4891 4906 5179 3663 3132 2654 3846 2339
 7220 6379 6458 5753 5707 5585 5407 5586 5096 4888 4245 4645 4332 4218 3922 3323 2599 2499 2403 2454 1794 1100 1274 1433 1973  622  492    1 6277 6586 6487 6389 5073 5630 5759 6208 6223 5928 5292 4945 4783 4654 4545 4869 4466 3818 3273 3056 4436 4000 4273 3965 3614 2866 3956 3559 3559 3025 2931 2338 2253 1964 1727 1610 1026 1800 2017 2017 3979 4065 3082 3113 3398 3889 3386 3097 3525 4182 6098 7931 4851 4700 5172 4380 4394 4497 4881 4637 5221 5258 5572 3860 3259 2717 3844 2194
  984 1116 1562 1583 1824 1994 2091 2106 2405 2675 2157 2878 3171 3057 3256 3838 4748 4937 4927 4831 5011 5471 5016 4849 4319 5755 5911 6277    1  529  585  672 1227  954 1061 1013 1123 1417 1833 1971 2182 2193 2280 1581 1906 2560 3081 3291 2369 2738 3050 3014 3233 3918 3304 4150 4150 4130 4803 4814 5397 5362 5518 6000 6782 6441 6536 6536 4276 4745 5675 5828 6024 6368 6370 6642 6887 6991 3814 6202 5460 5712 5936 6507 6731 6805 6893 7199 7342 7094 6675 7823 7880 7814 8956 8082
  657 1573 2012 2105 2346 2519 2619 2630 2934 3202 2590 3402 3689 3567 3755 4318 5209 5397 5381 5285 5420 5840 5343 5153 4614 6092 6194 6586  529    1  156  311 1522 1002  979  708  799 1176 1743 1966 2182 2230 2331 1750 2132 2792 3332 3548 2433 2845 3039 3076 3338 4070 3327 4164 4164 4228 4865 4952 5515 5514 5689 6170 7016 6593 6669 6669 4225 4669 5698 5847 6014 6312 6365 6671 6879 6921 3489 5776 5293 5563 5743 6405 6633 6699 6752 7091 7183 6923 6462 7819 7941 7929 9029 8286
  789 1674 2117 2166 2408 2575 2666 2688 2969 3230 2546 3421 3698 3568 3745 4293 5171 5358 5339 5244 5357 5762 5252 5055 4515 6002 6089 6487  585  156    1  156 1440  877  834  553  647 1021 1591 1821 2036 2090 2192 1634 2025 2683 3225 3442 2295 2711 2890 2935 3203 3941 3181 4016 4016 4090 4722 4820 5378 5383 5561 6041 6899 6461 6534 6534 4072 4515 5550 5699 5863 6159 6215 6523 6729 6767 3345 5656 5138 5408 5589 6250 6478 6544 6597 6936 7028 6768 6308 7668 7796 7791 8885 8162
  929 1782 2227 2235 2477 2639 2721 2753 3010 3264 2508 3446 3712 3573 3740 4271 5136 5322 5298 5204 5296 5684 5162 4958 4417 5913 5985 6389  672  311  156    1 1371  763  693  400  497  865 1440 1678 1892 1950 2054 1525 1923 2577 3121 3338 2158 2579 2742 2795 3069 3813 3036 3869 3869 3953 4579 4688 5242 5252 5433 5912 6781 6329 6398 6398 3919 4361 5402 5550 5712 6005 6064 6375 6578 6612 3202 5538 4982 5253 5434 6095 6323 6389 6442 6780 6873 6613 6155 7517 7651 7652 8740 8037
 2148 1820 2175 1746 1935 2018 2005 2125 2147 2323 1197 2425 2607 2427 2529 2982 3800 3983 3952 3859 3926 4322 3824 3640 3106 4571 4694 5073 1227 1522 1440 1371    1  700  933 1337 1406 1351 1230 1135 1289 1225 1274  495  697 1337 1854 2064 1330 1611 2074 1931 2088 2721 2261 3086 3086 2973 3669 3618 4211 4157 4303 4785 5556 5232 5336 5336 3304 3796 4572 4727 4954 5352 5289 5521 5803 5984 3459 6049 4649 4858 5162 5557 5770 5856 6000 6245 6471 6250 5922 6727 6722 6618 7784 6857
 1658 1925 2350 2116 2341 2465 2495 2579 2706 2918 1897 3052 3264 3096 3216 3682 4496 4677 4644 4552 4590 4948 4409 4200 3659 5162 5223 5630  954 1002  877  763  700    1  249  642  707  704  895 1019 1232 1255 1350  763 1165 1815 2359 2577 1446 1847 2101 2093 2342 3069 2366 3211 3211 3236 3887 3953 4519 4513 4688 5169 6023 5593 5671 5671 3324 3792 4742 4894 5080 5416 5428 5712 5944 6037 3024 5545 4523 4768 5009 5554 5777 5852 5946 6246 6398 6155 5755 6883 6968 6936 8051 7286
 1620 2100 2535 2341 2569 2698 2734 2813 2952 3165 2129 3300 3511 3342 3457 3913 4713 4892 4856 4765 4780 5114 4557 4336 3794 5309 5340 5759 1061  979  834  693  933  249    1  454  493  459  784  988 1204 1258 1361  903 1316 1943 2487 2704 1466 1891 2062 2103 2378 3128 2349 3186 3186 3260 3889 3998 4550 4563 4747 5225 6110 5639 5706 5706 3261 3716 4720 4870 5041 5353 5392 5693 5906 5968 2818 5316 4402 4657 4876 5468 5694 5765 5841 6158 6286 6036 5615 6846 6964 6959 8052 7354
 1277 2126 2572 2504 2743 2892 2954 3007 3212 3448 2529 3607 3845 3689 3826 4313 5136 5318 5285 5193 5226 5566 5009 4788 4245 5762 5786 6208 1013  708  553  400 1337  642  454    1  112  471 1090 1366 1575 1653 1761 1356 1769 2395 2937 3155 1870 2305 2400 2489 2784 3545 2706 3527 3527 3651 4254 4402 4941 4969 5161 5636 6541 6040 6098 6098 3552 3984 5055 5202 5352 5630 5705 6027 6216 6233 2814 5197 4587 4859 5036 5708 5937 6001 6048 6392 6477 6216 5756 7154 7312 7338 8403 7770
 1340 2237 2683 2613 2851 3000 3060 3115 3314 3548 2602 3703 3937 3777 3910 4387 5200 5381 5346 5254 5273 5600 5034 4807 4265 5786 5795 6223 1123  799  647  497 1406  707  493  112    1  400 1050 1345 1548 1636 1746 1389 1803 2416 2956 3173 1855 2295 2357 2464 2767 3533 2669 3482 3482 3625 4217 4382 4913 4949 5145 5618 6535 6016 6071 6071 3492 3918 5007 5152 5296 5565 5649 5978 6159 6164 2709 5085 4503 4778 4948 5634 5863 5926 5967 6316 6392 6130 5664 7096 7266 7303 8358 7754
 1739 2506 2948 2791 3022 3155 3192 3269 3410 3620 2532 3749 3951 3776 3878 4305 5070 5244 5201 5112 5076 5360 4768 4527 3989 5516 5489 5928 1417 1176 1021  865 1351  704  459  471  400    1  675  997 1188 1292 1403 1194 1594 2158 2685 2899 1514 1956 1969 2099 2413 3187 2286 3091 3091 3255 3832 4019 4540 4587 4788 5257 6196 5647 5695 5695 3093 3519 4612 4756 4898 5166 5251 5582 5760 5766 2403 4866 4118 4389 4570 5239 5468 5531 5578 5922 6008 5749 5294 6697 6873 6920 7964 7395
 2360 2813 3230 2925 3133 3232 3230 3342 3375 3540 2258 3620 3764 3567 3617 3955 4637 4802 4748 4663 4554 4781 4164 3910 3378 4905 4843 5292 1833 1743 1591 1440 1230  895  784 1090 1050  675    1  351  518  638  748  847 1154 1597 2095 2300  857 1298 1311 1425 1743 2518 1619 2438 2438 2581 3167 3345 3867 3913 4115 4584 5528 4974 5023 5023 2482 2933 3968 4115 4273 4573 4625 4940 5138 5186 2230 4822 3630 3879 4114 4684 4910 4981 5061 5374 5509 5263 4861 6077 6223 6253 7314 6721
 2606 2861 3256 2878 3070 3149 3127 3255 3233 3374 2024 3431 3547 3342 3368 3668 4319 4480 4423 4340 4213 4432 3814 3560 3028 4555 4499 4945 1971 1966 1821 1678 1135 1019  988 1366 1345  997  351    1  216  296  406  668  877 1255 1745 1950  517  960 1083 1124 1423 2193 1361 2201 2201 2286 2902 3038 3575 3605 3801 4274 5200 4674 4733 4733 2306 2779 3735 3885 4064 4397 4413 4707 4929 5020 2380 4994 3555 3784 4057 4544 4766 4844 4951 5236 5411 5176 4814 5868 5976 5978 7064 6410
 2820 3051 3438 3034 3218 3288 3255 3391 3340 3465 2075 3506 3600 3390 3397 3658 4268 4424 4362 4282 4119 4307 3675 3413 2887 4410 4331 4783 2182 2182 2036 1892 1289 1232 1204 1575 1548 1188  518  216    1  158  249  801  918 1176 1629 1826  351  784  869  916 1226 2001 1146 1985 1985 2078 2688 2835 3367 3403 3602 4072 5011 4468 4525 4525 2097 2574 3519 3670 3850 4187 4199 4492 4715 4811 2313 4928 3371 3593 3879 4341 4561 4640 4754 5033 5217 4986 4638 5653 5761 5766 6849 6210
 2877 3016 3392 2961 3137 3200 3160 3301 3231 3346 1941 3379 3464 3253 3253 3505 4111 4267 4205 4125 3965 4160 3534 3276 2746 4272 4206 4654 2193 2230 2090 1950 1225 1255 1258 1653 1636 1292  638  296  158    1  111  730  787 1019 1479 1678  222  665  869  846 1132 1899 1112 1958 1958 2004 2636 2750 3294 3317 3509 3984 4905 4388 4451 4451 2108 2592 3487 3639 3832 4187 4178 4457 4694 4815 2451 5064 3425 3636 3938 4359 4577 4659 4786 5050 5254 5029 4699 5632 5716 5702 6801 6119
 2980 3079 3447 2998 3169 3225 3178 3323 3235 3342 1920 3365 3439 3225 3215 3447 4035 4188 4125 4046 3873 4059 3429 3169 2641 4166 4096 4545 2280 2331 2192 2054 1274 1350 1361 1761 1746 1403  748  406  249  111    1  781  780  939 1382 1578  111  554  803  745 1023 1789 1026 1871 1871 1900 2538 2642 3189 3209 3400 3875 4795 4281 4346 4346 2039 2528 3396 3549 3747 4111 4092 4365 4608 4740 2487 5094 3381 3586 3898 4293 4509 4592 4728 4983 5198 4976 4660 5544 5619 5600 6703 6010
 2404 2302 2667 2235 2417 2489 2461 2593 2566 2713 1414 2781 2918 2721 2775 3143 3880 4053 4009 3920 3893 4212 3657 3442 2900 4409 4461 4869 1581 1750 1634 1525  495  763  903 1356 1389 1194  847  668  801  730  781    1  414 1053 1597 1815  843 1164 1582 1463 1656 2342 1782 2617 2617 2551 3232 3236 3816 3789 3953 4435 5267 4869 4959 4959 2816 3306 4121 4276 4491 4876 4831 5080 5346 5507 3038 5648 4154 4364 4667 5069 5285 5369 5508 5759 5978 5755 5428 6277 6304 6234 7377 6541
 2780 2481 2802 2284 2434 2474 2416 2568 2458 2563 1158 2592 2683 2474 2492 2802 3499 3668 3620 3533 3485 3798 3246 3036 2494 3999 4065 4466 1906 2132 2025 1923  697 1165 1316 1769 1803 1594 1154  877  918  787  780  414    1  662 1201 1418  787  954 1514 1295 1409 2025 1641 2437 2437 2284 2985 2922 3515 3463 3613 4095 4892 4540 4641 4641 2702 3198 3895 4050 4288 4706 4618 4837 5129 5339 3230 5846 4111 4295 4635 4938 5146 5236 5404 5621 5882 5675 5396 6048 6028 5923 7089 6181
 3442 3040 3315 2723 2832 2832 2736 2909 2685 2719 1266 2680 2680 2458 2393 2544 3097 3250 3187 3107 2958 3203 2618 2393 1851 3370 3408 3818 2560 2792 2683 2577 1337 1815 1943 2395 2416 2158 1597 1255 1176 1019  939 1053  662    1  545  763  865  677 1355 1002  950 1417 1341 2011 2011 1734 2447 2306 2906 2831 2970 3451 4231 3901 4012 4012 2367 2853 3370 3525 3787 4245 4102 4282 4603 4874 3363 5936 3842 3983 4371 4527 4721 4818 5025 5192 5509 5326 5122 5503 5433 5296 6479 5523
 3979 3473 3709 3072 3147 3117 2996 3179 2878 2855 1490 2763 2689 2468 2338 2340 2744 2880 2805 2734 2499 2687 2083 1851 1309 2833 2865 3273 3081 3332 3225 3121 1854 2359 2487 2937 2956 2685 2095 1745 1629 1479 1382 1597 1201  545    1  218 1287  939 1544 1144  918 1048 1408 1869 1869 1446 2139 1883 2486 2373 2489 2964 3702 3425 3551 3551 2301 2755 3056 3208 3496 3991 3788 3920 4272 4607 3643 6145 3787 3884 4310 4320 4498 4601 4844 4958 5327 5170 5038 5141 5011 4833 6034 5006
 4194 3653 3874 3224 3286 3246 3117 3303 2975 2932 1620 2821 2719 2502 2347 2285 2618 2744 2664 2598 2323 2483 1870 1634 1093 2618 2648 3056 3291 3548 3442 3338 2064 2577 2704 3155 3173 2899 2300 1950 1826 1678 1578 1815 1418  763  218    1 1479 1105 1666 1265  994  950 1492 1856 1856 1377 2046 1734 2333 2202 2306 2777 3493 3241 3374 3374 2312 2746 2950 3099 3397 3906 3678 3787 4152 4514 3772 6238 3787 3866 4305 4254 4424 4529 4787 4878 5268 5122 5020 5006 4850 4653 5861 4801
 3083 3144 3505 3039 3203 3253 3200 3349 3244 3340 1905 3354 3416 3200 3180 3392 3960 4111 4046 3968 3782 3958 3325 3063 2537 4060 3986 4436 2369 2433 2295 2158 1330 1446 1466 1870 1855 1514  857  517  351  222  111  843  787  865 1287 1479    1  443  747  648  915 1679  944 1786 1786 1796 2442 2535 3085 3101 3291 3767 4684 4175 4241 4241 1975 2466 3307 3460 3663 4036 4006 4274 4523 4666 2526 5126 3340 3537 3861 4228 4443 4527 4671 4917 5143 4926 4623 5457 5522 5497 6606 5901
 3499 3424 3754 3229 3368 3394 3318 3481 3308 3365 1905 3342 3354 3133 3070 3195 3676 3815 3742 3669 3427 3559 2911 2641 2123 3638 3547 4000 2738 2845 2711 2579 1611 1847 1891 2305 2295 1956 1298  960  784  665  554 1164  954  677  939 1105  443    1  678  352  497 1240  704 1484 1484 1393 2069 2109 2672 2673 2858 3335 4243 3750 3825 3825 1764 2259 2962 3118 3344 3754 3679 3918 4192 4387 2724 5272 3210 3373 3738 3988 4194 4285 4460 4668 4940 4741 4495 5119 5143 5090 6219 5466
 3667 3881 4249 3783 3944 3987 3927 4081 3946 4020 2563 4008 4029 3808 3747 3855 4282 4410 4330 4263 3954 3992 3313 3019 2548 3996 3793 4273 3050 3039 2890 2742 2074 2101 2062 2400 2357 1969 1311 1083  869  869  803 1582 1514 1355 1544 1666  747  678    1  402  713 1408  334 1128 1128 1336 1864 2116 2592 2674 2895 3345 4347 3707 3740 3740 1239 1726 2661 2809 2982 3321 3332 3634 3847 3947 2107 4611 2599 2791 3122 3491 3709 3791 3926 4182 4397 4179 3884 4786 4913 4952 6004 5474
 3722 3750 4090 3576 3718 3745 3669 3833 3658 3710 2250 3680 3680 3458 3381 3465 3881 4009 3929 3862 3562 3625 2953 2666 2178 3654 3495 3965 3014 3076 2935 2795 1931 2093 2103 2489 2464 2099 1425 1124  916  846  745 1463 1295 1002 1144 1265  648  352  402    1  352 1117  353 1156 1156 1162 1794 1921 2452 2489 2692 3159 4117 3553 3610 3610 1413 1909 2663 2817 3029 3422 3369 3628 3884 4055 2508 5005 2859 3021 3388 3644 3852 3942 4112 4327 4591 4390 4144 4817 4875 4857 5959 5297
 3991 3889 4202 3645 3768 3776 3684 3856 3633 3656 2212 3600 3564 3342 3236 3256 3606 3726 3642 3579 3246 3283 2608 2318 1837 3304 3146 3614 3233 3338 3203 3069 2088 2342 2378 2784 2767 2413 1743 1423 1226 1132 1023 1656 1409  950  918  994  915  497  713  352    1  778  498 1063 1063  897 1582 1620 2177 2186 2378 2853 3787 3261 3331 3331 1428 1908 2486 2642 2882 3315 3210 3433 3721 3948 2803 5245 2913 3040 3441 3581 3779 3874 4076 4251 4559 4376 4185 4641 4649 4594 5724 4988
 4726 4456 4722 4104 4189 4163 4043 4226 3919 3881 2537 3770 3656 3441 3271 3125 3259 3346 3248 3202 2748 2657 1964 1657 1264 2608 2388 2866 3918 4070 3941 3813 2721 3069 3128 3545 3533 3187 2518 2193 2001 1899 1789 2342 2025 1417 1048  950 1679 1240 1408 1117  778    1 1096 1021 1021  446 1097  897 1492 1447 1620 2100 3010 2527 2619 2619 1516 1885 2009 2161 2451 2956 2741 2882 3226 3566 3360 5618 2928 2971 3430 3307 3475 3580 3844 3928 4324 4185 4119 4104 4017 3899 5067 4227
 3963 4080 4428 3924 4068 4097 4021 4184 4008 4056 2597 4020 4009 3787 3698 3746 4103 4220 4135 4073 3722 3719 3032 2733 2284 3699 3474 3956 3304 3327 3181 3036 2261 2366 2349 2706 2669 2286 1619 1361 1146 1112 1026 1782 1641 1341 1408 1492  944  704  334  353  498 1096    1  846  846 1002 1549 1782 2263 2341 2561 3012 4014 3377 3414 3414 1062 1558 2377 2528 2721 3094 3067 3348 3583 3726 2323 4747 2509 2669 3038 3302 3512 3600 3764 3987 4242 4039 3793 4520 4616 4635 5705 5142
 4794 4904 5238 4701 4828 4838 4746 4918 4687 4698 3267 4624 4558 4337 4199 4117 4279 4363 4264 4220 3742 3572 2883 2573 2257 3436 3068 3559 4150 4164 4016 3869 3086 3211 3186 3527 3482 3091 2438 2201 1985 1958 1871 2617 2437 2011 1869 1856 1786 1484 1128 1156 1063 1021  846    1    1  618  778 1228 1559 1717 1961 2358 3419 2663 2668 2668  498  891 1535 1685 1877 2270 2221 2507 2738 2903 2539 4625 1933 2016 2450 2519 2719 2813 3015 3192 3498 3321 3170 3674 3786 3842 4877 4438
 4794 4904 5238 4701 4828 4838 4746 4918 4687 4698 3267 4624 4558 4337 4199 4117 4279 4363 4264 4220 3742 3572 2883 2573 2257 3436 3068 3559 4150 4164 4016 3869 3086 3211 3186 3527 3482 3091 2438 2201 1985 1958 1871 2617 2437 2011 1869 1856 1786 1484 1128 1156 1063 1021  846    1    1  618  778 1228 1559 1717 1961 2358 3419 2663 2668 2668  498  891 1535 1685 1877 2270 2221 2507 2738 2903 2539 4625 1933 2016 2450 2519 2719 2813 3015 3192 3498 3321 3170 3674 3786 3842 4877 4438
 4878 4755 5046 4454 4553 4539 4427 4608 4323 4298 2922 4196 4093 3877 3711 3569 3677 3755 3655 3613 3125 2964 2272 1962 1641 2851 2535 3025 4130 4228 4090 3953 2973 3236 3260 3651 3625 3255 2581 2286 2078 2004 1900 2551 2284 1734 1446 1377 1796 1393 1336 1162  897  446 1002  618  618    1  713  780 1291 1341 1559 2013 3014 2393 2448 2448 1113 1449 1637 1791 2062 2546 2370 2557 2870 3166 3094 5243 2488 2526 2986 2879 3053 3157 3411 3513 3891 3747 3674 3774 3754 3702 4827 4147
 5507 5461 5758 5166 5263 5246 5131 5313 5014 4977 3625 4861 4733 4522 4336 4125 4097 4147 4040 4013 3442 3138 2485 2191 2032 2912 2448 2931 4803 4865 4722 4579 3669 3887 3889 4254 4217 3832 3167 2902 2688 2636 2538 3232 2985 2447 2139 2046 2442 2069 1864 1794 1582 1097 1549  778  778  713    1  649  792  995 1244 1600 2675 1887 1892 1892 1076 1150  924 1079 1357 1861 1658 1853 2157 2470 3227 5057 2080 2039 2525 2231 2389 2495 2779 2836 3252 3133 3145 3065 3081 3088 4165 3661
 5607 5339 5590 4953 5020 4978 4846 5033 4683 4609 3353 4464 4298 4097 3884 3602 3492 3530 3422 3400 2808 2489 1839 1549 1448 2272 1848 2338 4814 4952 4820 4688 3618 3953 3998 4402 4382 4019 3345 3038 2835 2750 2642 3236 2922 2306 1883 1734 2535 2109 2116 1921 1620  897 1782 1228 1228  780  649    1  604  568  780 1239 2238 1642 1724 1724 1644 1791 1318 1449 1775 2324 2004 2062 2447 2884 3765 5700 2725 2669 3157 2749 2876 2986 3305 3291 3762 3674 3747 3275 3133 3002 4174 3377
 6166 5942 6193 5555 5619 5574 5438 5626 5265 5180 3951 5024 4839 4644 4417 4084 3861 3873 3762 3754 3111 2672 2105 1859 1908 2353 1795 2253 5397 5515 5378 5242 4211 4519 4550 4941 4913 4540 3867 3575 3367 3294 3189 3816 3515 2906 2486 2333 3085 2672 2592 2452 2177 1492 2263 1559 1559 1291  792  604    1  318  528  810 1889 1116 1158 1158 1856 1839  918 1008 1341 1896 1501 1489 1897 2397 4004 5679 2606 2480 2964 2360 2452 2563 2912 2829 3342 3292 3461 2688 2530 2419 3575 2889
 6169 5845 6075 5420 5470 5415 5272 5461 5080 4980 3805 4812 4612 4422 4185 3822 3563 3569 3458 3453 2802 2355 1795 1559 1654 2039 1496 1964 5362 5514 5383 5252 4157 4513 4563 4969 4949 4587 3913 3605 3403 3317 3209 3789 3463 2831 2373 2202 3101 2673 2674 2489 2186 1447 2341 1717 1717 1341  995  568  318    1  249  672 1703 1081 1182 1182 2069 2104 1233 1318 1648 2201 1785 1723 2149 2681 4219 5974 2911 2793 3278 2670 2755 2866 3220 3119 3643 3601 3778 2888 2653 2466 3662 2809
 6345 5958 6171 5505 5543 5479 5331 5520 5121 5006 3885 4827 4609 4427 4179 3780 3458 3452 3340 3342 2674 2185 1670 1464 1641 1839 1268 1727 5518 5689 5561 5433 4303 4688 4747 5161 5145 4788 4115 3801 3602 3509 3400 3953 3613 2970 2489 2306 3291 2858 2895 2692 2378 1620 2561 1961 1961 1559 1244  780  528  249    1  483 1464  936 1075 1075 2318 2348 1412 1478 1799 2342 1896 1775 2214 2784 4468 6205 3133 3002 3483 2822 2890 3000 3364 3231 3772 3747 3956 2891 2591 2348 3564 2610
 6826 6428 6632 5960 5990 5919 5766 5955 5542 5413 4340 5222 4986 4814 4554 4111 3692 3662 3551 3566 2876 2304 1908 1763 2036 1885 1234 1610 6000 6170 6041 5912 4785 5169 5225 5636 5618 5257 4584 4274 4072 3984 3875 4435 4095 3451 2964 2777 3767 3335 3345 3159 2853 2100 3012 2358 2358 2013 1600 1239  810  672  483    1 1082  472  649  649 2665 2620 1493 1510 1789 2287 1793 1563 2007 2633 4811 6379 3287 3112 3576 2778 2807 2912 3292 3089 3659 3673 3963 2563 2180 1886 3111 2138
 7669 7052 7189 6490 6477 6374 6205 6389 5924 5743 4908 5516 5226 5090 4802 4245 3594 3507 3407 3451 2770 2084 2034 2058 2522 1591 1025 1026 6782 7016 6899 6781 5556 6023 6110 6541 6535 6196 5528 5200 5011 4905 4795 5267 4892 4231 3702 3493 4684 4243 4347 4117 3787 3010 4014 3419 3419 3014 2675 2238 1889 1703 1464 1082    1  999 1173 1173 3745 3696 2507 2490 2715 3132 2615 2254 2649 3318 5893 7382 4301 4096 4535 3609 3584 3677 4064 3761 4353 4428 4821 2866 2238 1692 2843 1338
 7248 6893 7102 6431 6462 6390 6238 6427 6012 5879 4811 5685 5444 5274 5011 4552 4085 4040 3931 3953 3257 2644 2322 2205 2503 2190 1522 1800 6441 6593 6461 6329 5232 5593 5639 6040 6016 5647 4974 4674 4468 4388 4281 4869 4540 3901 3425 3241 4175 3750 3707 3553 3261 2527 3377 2663 2663 2393 1887 1642 1116 1081  936  472  999    1  223  223 2909 2785 1535 1502 1717 2143 1627 1301 1726 2385 5022 6388 3315 3102 3537 2626 2616 2715 3102 2838 3424 3474 3835 2159 1721 1415 2640 1776
 7322 7023 7244 6580 6618 6551 6402 6591 6184 6059 4960 5870 5635 5462 5202 4754 4302 4260 4150 4171 3476 2866 2533 2406 2682 2413 1745 2017 6536 6669 6534 6398 5336 5671 5706 6098 6071 5695 5023 4733 4525 4451 4346 4959 4641 4012 3551 3374 4241 3825 3740 3610 3331 2619 3414 2668 2668 2448 1892 1724 1158 1182 1075  649 1173  223    1    1 2877 2716 1432 1380 1564 1959 1443 1093 1511 2173 4962 6239 3183 2956 3379 2437 2417 2514 2901 2625 3213 3270 3648 1941 1532 1285 2490 1787
 7322 7023 7244 6580 6618 6551 6402 6591 6184 6059 4960 5870 5635 5462 5202 4754 4302 4260 4150 4171 3476 2866 2533 2406 2682 2413 1745 2017 6536 6669 6534 6398 5336 5671 5706 6098 6071 5695 5023 4733 4525 4451 4346 4959 4641 4012 3551 3374 4241 3825 3740 3610 3331 2619 3414 2668 2668 2448 1892 1724 1158 1182 1075  649 1173  223    1    1 2877 2716 1432 1380 1564 1959 1443 1093 1511 2173 4962 6239 3183 2956 3379 2437 2417 2514 2901 2625 3213 3270 3648 1941 1532 1285 2490 1787
 4829 5117 5478 4985 5130 5157 5078 5243 5050 5082 3632 5027 4983 4761 4639 4588 4774 4859 4761 4717 4238 4053 3368 3058 2753 3896 3490 3979 4276 4225 4072 3919 3304 3324 3261 3552 3492 3093 2482 2306 2097 2108 2039 2816 2702 2367 2301 2312 1975 1764 1239 1413 1428 1516 1062  498  498 1113 1076 1644 1856 2069 2318 2665 3745 2909 2877 2877    1  497 1570 1700 1808 2094 2161 2516 2668 2715 2152 4132 1489 1617 2015 2254 2471 2554 2703 2944 3181 2977 2758 3604 3820 3961 4906 4663
 5258 5606 5971 5481 5626 5652 5572 5738 5538 5563 4118 5500 5444 5223 5089 5001 5119 5190 5088 5051 4528 4273 3606 3303 3064 4060 3587 4065 4745 4669 4515 4361 3796 3792 3716 3984 3918 3519 2933 2779 2574 2592 2528 3306 3198 2853 2755 2746 2466 2259 1726 1909 1908 1885 1558  891  891 1449 1150 1791 1839 2104 2348 2620 3696 2785 2716 2716  497    1 1311 1412 1443 1647 1788 2184 2274 2253 2249 3910 1045 1134 1559 1768 1988 2068 2208 2460 2684 2482 2285 3197 3482 3691 4554 4486
 6326 6374 6678 6090 6187 6168 6051 6233 5925 5876 4544 5747 5600 5393 5191 4919 4761 4780 4670 4659 4024 3586 3020 2766 2755 3251 2657 3082 5675 5698 5550 5402 4572 4742 4720 5055 5007 4612 3968 3735 3519 3487 3396 4121 3895 3370 3056 2950 3307 2962 2661 2663 2486 2009 2377 1535 1535 1637  924 1318  918 1233 1412 1493 2507 1535 1432 1432 1570 1311    1  156  459 1008  734  974 1236 1576 3555 4890 1799 1621 2090 1452 1563 1674 2007 1974 2452 2384 2547 2157 2263 2397 3354 3180
 6473 6530 6834 6245 6341 6321 6203 6386 6074 6022 4696 5891 5739 5534 5328 5046 4866 4880 4770 4761 4118 3661 3112 2866 2877 3310 2702 3113 5828 5847 5699 5550 4727 4894 4870 5202 5152 4756 4115 3885 3670 3639 3549 4276 4050 3525 3208 3099 3460 3118 2809 2817 2642 2161 2528 1685 1685 1791 1079 1449 1008 1318 1478 1510 2490 1502 1380 1380 1700 1412  156    1  334  891  581  826 1081 1436 3646 4894 1813 1612 2068 1353 1448 1559 1904 1845 2338 2285 2482 2002 2124 2281 3213 3099
 6629 6767 7083 6510 6614 6600 6487 6669 6370 6326 4981 6201 6057 5850 5648 5375 5200 5213 5102 5094 4450 3984 3443 3199 3209 3622 3002 3398 6024 6014 5863 5712 4954 5080 5041 5352 5296 4898 4273 4064 3850 3832 3747 4491 4288 3787 3496 3397 3663 3344 2982 3029 2882 2451 2721 1877 1877 2062 1357 1775 1341 1648 1799 1789 2715 1717 1564 1564 1808 1443  459  334    1  557  354  751  866 1120 3612 4676 1634 1394 1820 1024 1114 1225 1572 1516 2004 1954 2177 1806 2041 2291 3114 3197
 6905 7171 7507 6960 7076 7073 6967 7146 6868 6837 5465 6721 6588 6378 6184 5925 5756 5768 5657 5650 5002 4524 3995 3755 3763 4149 3516 3889 6368 6312 6159 6005 5352 5416 5353 5630 5565 5166 4573 4397 4187 4187 4111 4876 4706 4245 3991 3906 4036 3754 3321 3422 3315 2956 3094 2270 2270 2546 1861 2324 1896 2201 2342 2287 3132 2143 1959 1959 2094 1647 1008  891  557    1  517  927  740  634 3617 4339 1459 1160 1484  491  557  668 1022  976 1448 1405 1693 1582 2017 2408 3017 3421
 6981 7098 7408 6823 6921 6901 6783 6966 6652 6597 5277 6462 6302 6099 5887 5580 5345 5345 5234 5233 4570 4062 3565 3342 3405 3670 3026 3386 6370 6365 6215 6064 5289 5428 5392 5705 5649 5251 4625 4413 4199 4178 4092 4831 4618 4102 3788 3678 4006 3679 3332 3369 3210 2741 3067 2221 2221 2370 1658 2004 1501 1785 1896 1793 2615 1627 1443 1443 2161 1788  734  581  354  517    1  453  517  897 3925 4835 1868 1595 1970 1000 1014 1120 1500 1336 1880 1881 2208 1455 1702 1996 2767 2957
 7299 7311 7597 6986 7066 7032 6904 7090 6745 6666 5405 6512 6326 6132 5902 5543 5223 5206 5094 5102 4422 3866 3430 3239 3376 3443 2782 3097 6642 6671 6523 6375 5521 5712 5693 6027 5978 5582 4940 4707 4492 4457 4365 5080 4837 4282 3920 3787 4274 3918 3634 3628 3433 2882 3348 2507 2507 2557 1853 2062 1489 1723 1775 1563 2254 1301 1093 1093 2516 2184  974  826  751  927  453    1  446 1086 4360 5265 2320 2045 2406 1374 1331 1424 1811 1541 2124 2177 2580 1223 1305 1548 2391 2507
 7493 7609 7914 7321 7413 7388 7265 7450 7122 7055 5761 6910 6734 6537 6313 5971 5666 5650 5539 5546 4866 4311 3874 3678 3799 3885 3222 3525 6887 6879 6729 6578 5803 5944 5906 6216 6159 5760 5138 4929 4715 4694 4608 5346 5129 4603 4272 4152 4523 4192 3847 3884 3721 3226 3583 2738 2738 2870 2157 2447 1897 2149 2214 2007 2649 1726 1511 1511 2668 2274 1236 1081  866  740  517  446    1  670 4343 5005 2199 1897 2187 1082  982 1059 1437 1116 1706 1787 2248  940 1278 1687 2300 2738
 7503 7804 8141 7591 7705 7700 7592 7771 7484 7444 6087 7321 7174 6968 6764 6473 6238 6235 6123 6124 5456 4929 4453 4236 4299 4518 3861 4182 6991 6921 6767 6612 5984 6037 5968 6233 6164 5766 5186 5020 4811 4815 4740 5507 5339 4874 4607 4514 4666 4387 3947 4055 3948 3566 3726 2903 2903 3166 2470 2884 2397 2681 2784 2633 3318 2385 2173 2173 2715 2253 1576 1436 1120  634  897 1086  670    1 4080 4429 1867 1549 1713  608  410  442  789  457 1040 1121 1626 1126 1737 2253 2606 3342
 3883 4907 5348 5131 5348 5455 5458 5567 5599 5751 4388 5809 5913 5703 5701 5906 6386 6516 6436 6369 6044 6016 5323 5016 4598 5942 5606 6098 3814 3489 3345 3202 3459 3024 2818 2814 2709 2403 2230 2380 2313 2451 2487 3038 3230 3363 3643 3772 2526 2724 2107 2508 2803 3360 2323 2539 2539 3094 3227 3765 4004 4219 4468 4811 5893 5022 4962 4962 2152 2249 3555 3646 3612 3617 3925 4360 4343 4080    1 2617 2216 2533 2507 3477 3697 3722 3630 4072 3970 3685 3118 5179 5614 5901 6633 6734
 5976 7317 7764 7656 7884 8009 8029 8122 8195 8359 7003 8424 8528 8316 8305 8465 8838 8944 8852 8798 8363 8173 7494 7187 6876 7968 7469 7931 6202 5776 5656 5538 6049 5545 5316 5197 5085 4866 4822 4994 4928 5064 5094 5648 5846 5936 6145 6238 5126 5272 4611 5005 5245 5618 4747 4625 4625 5243 5057 5700 5679 5974 6205 6379 7382 6388 6239 6239 4132 3910 4890 4894 4676 4339 4835 5265 5005 4429 2617    1 3093 3287 2866 3924 4042 3989 3665 4136 3677 3437 2821 5471 6159 6676 6877 7742
 5819 6415 6809 6378 6542 6585 6520 6677 6516 6560 5104 6512 6471 6249 6124 6046 6143 6206 6102 6069 5519 5206 4564 4271 4078 4941 4400 4851 5460 5293 5138 4982 4649 4523 4402 4587 4503 4118 3630 3555 3371 3425 3381 4154 4111 3842 3787 3787 3340 3210 2599 2859 2913 2928 2509 1933 1933 2488 2080 2725 2606 2911 3133 3287 4301 3315 3183 3183 1489 1045 1799 1813 1634 1459 1868 2320 2199 1867 2216 3093    1  318  530 1262 1482 1511 1473 1875 1891 1635 1287 2977 3475 3852 4447 4820
 6102 6643 7028 6573 6729 6763 6690 6852 6667 6696 5248 6633 6573 6352 6212 6095 6134 6186 6079 6052 5476 5124 4501 4217 4066 4831 4264 4700 5712 5563 5408 5253 4858 4768 4657 4859 4778 4389 3879 3784 3593 3636 3586 4364 4295 3983 3884 3866 3537 3373 2791 3021 3040 2971 2669 2016 2016 2526 2039 2669 2480 2793 3002 3112 4096 3102 2956 2956 1617 1134 1621 1612 1394 1160 1595 2045 1897 1549 2533 3287  318    1  490  945 1166 1198 1190 1569 1631 1393 1155 2660 3169 3563 4133 4551
 6245 6913 7313 6896 7063 7109 7046 7202 7045 7090 5633 7041 6997 6775 6646 6553 6615 6670 6564 6535 5964 5612 4990 4705 4547 5316 4743 5172 5936 5743 5589 5434 5162 5009 4876 5036 4948 4570 4114 4057 3879 3938 3898 4667 4635 4371 4310 4305 3861 3738 3122 3388 3441 3430 3038 2450 2450 2986 2525 3157 2964 3278 3483 3576 4535 3537 3379 3379 2015 1559 2090 2068 1820 1484 1970 2406 2187 1713 2507 2866  530  490    1 1126 1304 1293 1130 1596 1473 1195  763 2836 3423 3874 4316 4904
