107
     0   400   200   283   447   283   806   750   985   922   950   971  1500  1552  1700  1712  1746  1712  2300  2335  2500  2508  2532  2508  3100  3126  3300  3306  3324  3306  4000  4020  4200  4205  4219  4205  4900  4916  5100  5104  5116  5104  5800  5764  6000  6003  5963  5953  6600  6612  6800  6803  6812  6803 10087  9566  9028  8552  8148  7858  7641  7510  7453  7650  8050  7653  7853  8052  8080  7687  7901  8100  7709  7796  8189  7837  8032  8228  7988  8372  8048  8238  8429  8254  8626  8331  8515  8700  8633  8989  8727  8903  9080  9085  9424  9194  9361  9530  9600  9893  9722  9850 10010 10104 10410 10235 10386
   400     0   447   632   200   283   700   850   900   922  1031  1124  1552  1500  1746  1803  1700  1712  2335  2300  2532  2571  2500  2508  3126  3100  3324  3354  3300  3306  4020  4000  4219  4243  4200  4205  4916  4900  5116  5135  5100  5104  5814  5750  6013  6030  5950  5953  6612  6600  6812  6826  6800  6803  9795  9258  8701  8206  7784  7480  7252  7114  7053  7250  7650  7253  7453  7653  7682  7289  7504  7703  7312  7404  7796  7447  7641  7837  7606  7988  7669  7858  8048  7885  8254  7966  8148  8331  8280  8633  8379  8552  8727  8751  9085  8864  9028  9194  9285  9570  9411  9534  9691  9804 10104  9940 10087
   200   447     0   200   400   200   640   550   806   728   750   776  1300  1360  1500  1513  1552  1513  2100  2138  2300  2309  2335  2309  2900  2927  3100  3106  3126  3106  3800  3821  4000  4005  4020  4005  4700  4717  4900  4904  4916  4904  5600  5564  5800  5803  5764  5753  6400  6412  6600  6603  6612  6603  9953  9442  8917  8456  8069  7797  7600  7488  7450  7653  8052  7650  7850  8050  8066  7670  7881  8080  7687  7760  8154  7796  7992  8189  7933  8319  7988  8180  8372  8181  8556  8254  8440  8626  8542  8902  8633  8810  8989  8978  9322  9085  9254  9424  9481  9778  9600  9731  9893  9974 10284 10104 10256
   283   632   200     0   600   400   781   585   922   806   776   750  1315  1432  1513  1500  1616  1552  2110  2184  2309  2300  2377  2335  2907  2961  3106  3100  3158  3126  3805  3847  4005  4000  4045  4020  4704  4738  4904  4900  4937  4916  5604  5582  5803  5800  5781  5764  6403  6428  6603  6600  6627  6612 10104  9600  9085  8633  8254  7988  7796  7687  7650  7853  8252  7850  8050  8250  8265  7869  8080  8280  7886  7957  8352  7992  8189  8385  8126  8513  8180  8372  8565  8369  8745  8440  8626  8813  8721  9083  8810  8989  9169  9149  9495  9254  9424  9595  9643  9943  9760  9893 10056 10128 10441 10256 10410
   447   200   400   600     0   200   500   680   700   728   850   960  1360  1300  1552  1616  1500  1513  2138  2100  2335  2377  2300  2309  2927  2900  3126  3158  3100  3106  3821  3800  4020  4045  4000  4005  4717  4700  4916  4937  4900  4904  5614  5550  5814  5831  5750  5753  6412  6400  6612  6627  6600  6603  9657  9129  8586  8106  7701  7416  7208  7090  7050  7253  7653  7250  7450  7650  7666  7271  7483  7682  7289  7366  7760  7404  7600  7796  7548  7933  7606  7797  7988  7808  8181  7885  8069  8254  8186  8542  8280  8456  8633  8640  8978  8751  8917  9085  9161  9451  9285  9411  9570  9671  9974  9804  9953
   283   283   200   400   200     0   539   585   728   700   776   850  1315  1315  1513  1552  1513  1500  2110  2110  2309  2335  2309  2300  2907  2907  3106  3126  3106  3100  3805  3805  4005  4020  4005  4000  4704  4704  4904  4916  4904  4900  5604  5554  5803  5814  5753  5750  6403  6403  6603  6612  6603  6600  9804  9285  8751  8280  7885  7606  7404  7289  7250  7453  7853  7450  7650  7850  7866  7470  7682  7881  7488  7563  7957  7600  7796  7992  7740  8126  7797  7988  8180  7995  8369  8069  8254  8440  8363  8721  8456  8633  8810  8809  9149  8917  9085  9254  9320  9614  9442  9570  9731  9822 10128  9953 10104
   806   700   640   781   500   539     0   403   200   283   472   650   894   800  1077  1166  1000  1020  1649  1600  1844  1897  1800  1811  2433  2400  2631  2668  2600  2608  3324  3300  3523  3551  3500  3506  4219  4200  4418  4441  4400  4405  5116  5050  5315  5334  5250  5254  5914  5900  6113  6129  6100  6103  9323  8820  8310  7871  7514  7276  7121  7054  7068  7284  7682  7267  7467  7666  7650  7250  7453  7653  7254  7294  7692  7319  7517  7715  7424  7816  7470  7664  7859  7637  8018  7702  7891  8080  7966  8331  8051  8231  8413  8379  8727  8481  8652  8825  8864  9167  8981  9114  9278  9347  9661  9475  9629
   750   850   550   585   680   585   403     0   427   250   200   283   750   850   950   971  1031   971  1550  1601  1750  1761  1795  1761  2350  2384  2550  2558  2581  2558  3250  3275  3450  3456  3473  3456  4150  4169  4350  4355  4368  4355  5050  5016  5250  5254  5215  5204  5850  5864  6050  6053  6063  6053  9597  9114  8627  8210  7874  7653  7510  7453  7470  7687  8085  7670  7869  8069  8050  7650  7851  8051  7653  7687  8085  7709  7907  8106  7805  8198  7848  8043  8238  8003  8386  8064  8254  8444  8312  8681  8392  8575  8758  8703  9057  8800  8975  9150  9167  9476  9278  9416  9583  9630  9951  9753  9911
   985   900   806   922   700   728   200   427     0   200   403   602   721   600   894  1000   800   825  1456  1400  1649  1709  1600  1612  2236  2200  2433  2474  2400  2408  3126  3100  3324  3354  3300  3306  4020  4000  4219  4243  4200  4205  4916  4850  5116  5135  5050  5054  5714  5700  5914  5930  5900  5903  9193  8701  8206  7784  7447  7229  7095  7050  7085  7306  7703  7284  7483  7682  7653  7252  7450  7650  7250  7275  7673  7294  7493  7692  7384  7777  7424  7620  7816  7576  7960  7637  7827  8018  7885  8254  7966  8148  8331  8280  8633  8379  8552  8727  8751  9058  8864  9000  9167  9222  9540  9347  9503
   922   922   728   806   728   700   283   250   200     0   206   403   632   632   825   894   825   800  1414  1414  1612  1649  1612  1600  2209  2209  2408  2433  2408  2400  3106  3106  3306  3324  3306  3300  4005  4005  4205  4219  4205  4200  4904  4854  5104  5116  5054  5050  5704  5704  5903  5914  5903  5900  9347  8864  8379  7966  7637  7424  7294  7250  7284  7504  7901  7483  7682  7881  7853  7452  7650  7850  7450  7474  7873  7493  7692  7891  7580  7974  7620  7816  8011  7768  8152  7827  8018  8209  8069  8440  8148  8331  8515  8456  8810  8552  8727  8903  8917  9227  9028  9167  9334  9380  9701  9503  9661
   950  1031   750   776   850   776   472   200   403   206     0   200   550   680   750   776   850   776  1350  1408  1550  1563  1601  1563  2150  2187  2350  2358  2384  2358  3050  3076  3250  3256  3275  3256  3950  3970  4150  4155  4169  4155  4850  4817  5050  5054  5016  5004  5650  5664  5850  5853  5864  5853  9472  9000  8528  8128  7812  7610  7488  7450  7488  7709  8106  7687  7886  8085  8054  7653  7850  8050  7650  7670  8069  7687  7886  8085  7768  8162  7805  8002  8198  7946  8332  8003  8194  8386  8236  8608  8312  8496  8681  8610  8967  8703  8879  9057  9058  9372  9167  9307  9476  9510  9835  9630  9790
   971  1124   776   750   960   850   650   283   602   403   200     0   585   814   776   750   960   850  1365  1477  1563  1550  1662  1601  2159  2232  2358  2350  2425  2384  3057  3108  3256  3250  3305  3275  3955  3995  4155  4150  4193  4169  4854  4837  5054  5050  5036  5016  5654  5682  5853  5850  5881  5864  9630  9167  8703  8312  8003  7805  7687  7650  7687  7907  8305  7886  8085  8284  8254  7853  8050  8250  7850  7869  8268  7886  8085  8284  7965  8360  8002  8198  8394  8139  8526  8194  8386  8578  8422  8796  8496  8681  8867  8788  9147  8879  9057  9235  9227  9545  9334  9476  9647  9672  9999  9790  9951
  1500  1552  1300  1315  1360  1315   894   750   721   632   550   585     0   400   200   283   447   283   800   894  1000  1020  1077  1020  1600  1649  1800  1811  1844  1811  2500  2532  2700  2707  2729  2707  3400  3423  3600  3606  3622  3606  4300  4269  4500  4504  4468  4454  5100  5116  5300  5304  5315  5304  9143  8704  8274  7924  7664  7517  7453  7470  7563  7796  8189  7760  7957  8154  8090  7687  7873  8072  7670  7650  8050  7653  7853  8052  7692  8090  7715  7913  8112  7816  8207  7859  8054  8249  8048  8429  8112  8301  8491  8372  8739  8455  8636  8818  8776  9103  8875  9024  9198  9194  9530  9307  9472
  1552  1500  1360  1432  1300  1315   800   850   600   632   680   814   400     0   447   632   200   283   894   800  1077  1166  1000  1020  1649  1600  1844  1897  1800  1811  2532  2500  2729  2766  2700  2707  3423  3400  3622  3650  3600  3606  4319  4250  4518  4540  4450  4454  5116  5100  5315  5334  5300  5304  8820  8364  7916  7549  7276  7121  7053  7071  7169  7404  7796  7366  7563  7760  7692  7289  7474  7673  7271  7250  7650  7253  7453  7653  7294  7692  7319  7517  7715  7424  7816  7470  7664  7859  7669  8048  7736  7924  8112  8008  8372  8095  8274  8455  8429  8751  8533  8678  8850  8864  9194  8981  9143
  1700  1746  1500  1513  1552  1513  1077   950   894   825   750   776   200   447     0   200   400   200   600   721   800   825   894   825  1400  1456  1600  1612  1649  1612  2300  2335  2500  2508  2532  2508  3200  3225  3400  3406  3423  3406  4100  4070  4300  4305  4269  4255  4900  4916  5100  5104  5116  5104  9028  8602  8189  7858  7620  7493  7450  7488  7600  7837  8228  7796  7992  8189  8112  7709  7891  8090  7687  7653  8052  7650  7850  8050  7673  8072  7692  7891  8090  7777  8171  7816  8011  8207  7988  8372  8048  8238  8429  8292  8663  8372  8555  8739  8679  9011  8776  8927  9103  9085  9424  9194  9361
  1712  1803  1513  1500  1616  1552  1166   971  1000   894   776   750   283   632   200     0   600   400   632   849   825   800  1000   894  1414  1523  1612  1600  1709  1649  2309  2377  2508  2500  2571  2532  3206  3256  3406  3400  3453  3423  4105  4094  4305  4300  4292  4269  4904  4937  5104  5100  5135  5116  9194  8776  8372  8048  7816  7692  7650  7687  7796  8032  8423  7992  8189  8385  8310  7907  8090  8289  7886  7853  8252  7850  8050  8250  7873  8272  7891  8090  8289  7974  8368  8011  8207  8404  8180  8565  8238  8429  8620  8477  8849  8555  8739  8923  8856  9190  8951  9103  9280  9254  9595  9361  9530
  1746  1700  1552  1616  1500  1513  1000  1031   800   825   850   960   447   200   400   600     0   200   721   600   894  1000   800   825  1456  1400  1649  1709  1600  1612  2335  2300  2532  2571  2500  2508  3225  3200  3423  3453  3400  3406  4119  4050  4319  4342  4250  4255  4916  4900  5116  5135  5100  5104  8701  8258  7827  7480  7229  7095  7050  7090  7208  7447  7837  7404  7600  7796  7715  7312  7493  7692  7289  7253  7653  7250  7450  7650  7275  7673  7294  7493  7692  7384  7777  7424  7620  7816  7606  7988  7669  7858  8048  7925  8292  8008  8189  8372  8329  8656  8429  8577  8751  8751  9085  8864  9028
  1712  1712  1513  1552  1513  1500  1020   971   825   800   776   850   283   283   200   400   200     0   632   632   825   894   825   800  1414  1414  1612  1649  1612  1600  2309  2309  2508  2532  2508  2500  3206  3206  3406  3423  3406  3400  4105  4055  4305  4319  4255  4250  4904  4904  5104  5116  5104  5100  8864  8429  8008  7669  7424  7294  7250  7289  7404  7641  8032  7600  7796  7992  7913  7510  7692  7891  7488  7453  7853  7450  7650  7850  7474  7873  7493  7692  7891  7580  7974  7620  7816  8011  7797  8180  7858  8048  8238  8108  8477  8189  8372  8555  8504  8833  8602  8751  8927  8917  9254  9028  9194
  2300  2335  2100  2110  2138  2110  1649  1550  1456  1414  1350  1365   800   894   600   632   721   632     0   400   200   283   447   283   800   894  1000  1020  1077  1020  1700  1746  1900  1910  1942  1910  2600  2631  2800  2807  2828  2807  3500  3473  3700  3705  3672  3655  4300  4319  4500  4504  4518  4504  8704  8318  7959  7688  7517  7453  7474  7571  7740  7988  8372  7933  8126  8319  8207  7805  7974  8171  7768  7692  8090  7673  7873  8072  7650  8050  7653  7853  8052  7692  8090  7715  7913  8112  7837  8228  7882  8077  8271  8080  8459  8146  8334  8523  8413  8758  8498  8657  8839  8776  9126  8875  9048
  2335  2300  2138  2184  2100  2110  1600  1601  1400  1414  1408  1477   894   800   721   849   600   632   400     0   447   632   200   283   894   800  1077  1166  1000  1020  1746  1700  1942  1992  1900  1910  2631  2600  2828  2864  2800  2807  3523  3450  3722  3748  3650  3655  4319  4300  4518  4540  4500  4504  8364  7962  7586  7302  7121  7053  7075  7178  7356  7606  7988  7548  7740  7933  7816  7414  7580  7777  7375  7294  7692  7275  7474  7673  7250  7650  7253  7453  7653  7294  7692  7319  7517  7715  7447  7837  7495  7688  7882  7702  8080  7772  7959  8146  8051  8392  8140  8296  8476  8429  8776  8533  8704
  2500  2532  2300  2309  2335  2309  1844  1750  1649  1612  1550  1563  1000  1077   800   825   894   825   200   447     0   200   400   200   600   721   800   825   894   825  1500  1552  1700  1712  1746  1712  2400  2433  2600  2608  2631  2608  3300  3275  3500  3506  3473  3456  4100  4119  4300  4305  4319  4305  8602  8231  7891  7641  7493  7450  7493  7610  7797  8048  8429  7988  8180  8372  8249  7848  8011  8207  7805  7715  8112  7692  7891  8090  7653  8052  7650  7850  8050  7673  8072  7692  7891  8090  7796  8189  7837  8032  8228  8018  8400  8080  8269  8459  8331  8681  8413  8575  8758  8679  9034  8776  8951
  2508  2571  2309  2300  2377  2335  1897  1761  1709  1649  1563  1550  1020  1166   825   800  1000   894   283   632   200     0   600   400   632   849   825   800  1000   894  1513  1616  1712  1700  1803  1746  2408  2474  2608  2600  2668  2631  3306  3305  3506  3500  3502  3473  4105  4144  4305  4300  4342  4319  8776  8413  8080  7837  7692  7650  7692  7805  7988  8238  8620  8180  8372  8565  8444  8043  8207  8404  8002  7913  8310  7891  8090  8289  7853  8252  7850  8050  8250  7873  8272  7891  8090  8289  7992  8385  8032  8228  8423  8209  8592  8269  8459  8650  8515  8867  8595  8758  8942  8856  9213  8951  9126
  2532  2500  2335  2377  2300  2309  1800  1795  1600  1612  1601  1662  1077  1000   894  1000   800   825   447   200   400   600     0   200   721   600   894  1000   800   825  1552  1500  1746  1803  1700  1712  2433  2400  2631  2668  2600  2608  3324  3250  3523  3551  3450  3456  4119  4100  4319  4342  4300  4305  8258  7871  7514  7252  7095  7050  7095  7218  7416  7669  8048  7606  7797  7988  7859  7458  7620  7816  7414  7319  7715  7294  7493  7692  7253  7653  7250  7450  7650  7275  7673  7294  7493  7692  7404  7796  7447  7641  7837  7637  8018  7702  7891  8080  7966  8312  8051  8210  8392  8329  8679  8429  8602
  2508  2508  2309  2335  2309  2300  1811  1761  1612  1600  1563  1601  1020  1020   825   894   825   800   283   283   200   400   200     0   632   632   825   894   825   800  1513  1513  1712  1746  1712  1700  2408  2408  2608  2631  2608  2600  3306  3256  3506  3523  3456  3450  4105  4105  4305  4319  4305  4300  8429  8051  7702  7447  7294  7250  7294  7414  7606  7858  8238  7797  7988  8180  8054  7653  7816  8011  7610  7517  7913  7493  7692  7891  7453  7853  7450  7650  7850  7474  7873  7493  7692  7891  7600  7992  7641  7837  8032  7827  8209  7891  8080  8269  8148  8496  8231  8392  8575  8504  8856  8602  8776
  3100  3126  2900  2907  2927  2907  2433  2350  2236  2209  2150  2159  1600  1649  1400  1414  1456  1414   800   894   600   632   721   632     0   400   200   283   447   283   900   985  1100  1118  1170  1118  1800  1844  2000  2010  2040  2010  2700  2680  2900  2907  2878  2857  3500  3523  3700  3705  3722  3705  8318  7995  7714  7531  7453  7474  7580  7754  7995  8254  8626  8181  8369  8556  8400  8003  8152  8345  7946  7816  8207  7777  7974  8171  7692  8090  7673  7873  8072  7650  8050  7653  7853  8052  7703  8100  7729  7927  8125  7859  8249  7907  8101  8295  8112  8475  8181  8351  8540  8413  8778  8498  8678
  3126  3100  2927  2961  2900  2907  2400  2384  2200  2209  2187  2232  1649  1600  1456  1523  1400  1414   894   800   721   849   600   632   400     0   447   632   200   283   985   900  1170  1253  1100  1118  1844  1800  2040  2088  2000  2010  2729  2650  2927  2961  2850  2857  3523  3500  3722  3748  3700  3705  7962  7623  7328  7135  7053  7075  7188  7371  7623  7885  8254  7808  7995  8181  8018  7621  7768  7960  7562  7424  7816  7384  7580  7777  7294  7692  7275  7474  7673  7250  7650  7253  7453  7653  7306  7703  7333  7531  7729  7470  7859  7521  7714  7907  7736  8096  7808  7977  8164  8051  8413  8140  8318
  3300  3324  3100  3106  3126  3106  2631  2550  2433  2408  2350  2358  1800  1844  1600  1612  1649  1612  1000  1077   800   825   894   825   200   447     0   200   400   200   700   806   900   922   985   922  1600  1649  1800  1811  1844  1811  2500  2482  2700  2707  2680  2658  3300  3324  3500  3506  3523  3506  8231  7924  7664  7504  7450  7493  7620  7812  8069  8331  8700  8254  8440  8626  8459  8064  8209  8400  8003  7859  8249  7816  8011  8207  7715  8112  7692  7891  8090  7653  8052  7650  7850  8050  7682  8080  7703  7901  8100  7816  8207  7859  8054  8249  8048  8415  8112  8285  8475  8331  8700  8413  8595
  3306  3354  3106  3100  3158  3126  2668  2558  2474  2433  2358  2350  1811  1897  1612  1600  1709  1649  1020  1166   825   800  1000   894   283   632   200     0   600   400   728   922   922   900  1082   985  1612  1709  1811  1800  1897  1844  2508  2522  2707  2700  2717  2680  3306  3354  3506  3500  3551  3523  8413  8112  7859  7703  7650  7692  7816  8003  8254  8515  8886  8440  8626  8813  8650  8254  8400  8592  8194  8054  8444  8011  8207  8404  7913  8310  7891  8090  8289  7853  8252  7850  8050  8250  7881  8280  7901  8100  8299  8011  8404  8054  8249  8444  8238  8606  8301  8475  8665  8515  8886  8595  8778
  3324  3300  3126  3158  3100  3106  2600  2581  2400  2408  2384  2425  1844  1800  1649  1709  1600  1612  1077  1000   894  1000   800   825   447   200   400   600     0   200   806   700   985  1082   900   922  1649  1600  1844  1897  1800  1811  2532  2450  2729  2766  2650  2658  3324  3300  3523  3551  3500  3506  7871  7549  7276  7107  7050  7095  7229  7431  7701  7966  8331  7885  8069  8254  8080  7685  7827  8018  7621  7470  7859  7424  7620  7816  7319  7715  7294  7493  7692  7253  7653  7250  7450  7650  7284  7682  7306  7504  7703  7424  7816  7470  7664  7859  7669  8033  7736  7907  8096  7966  8331  8051  8231
  3306  3306  3106  3126  3106  3100  2608  2558  2408  2400  2358  2384  1811  1811  1612  1649  1612  1600  1020  1020   825   894   825   800   283   283   200   400   200     0   728   728   922   985   922   900  1612  1612  1811  1844  1811  1800  2508  2458  2707  2729  2658  2650  3306  3306  3506  3523  3506  3500  8051  7736  7470  7306  7250  7294  7424  7621  7885  8148  8515  8069  8254  8440  8269  7874  8018  8209  7812  7664  8054  7620  7816  8011  7517  7913  7493  7692  7891  7453  7853  7450  7650  7850  7483  7881  7504  7703  7901  7620  8011  7664  7859  8054  7858  8223  7924  8096  8285  8148  8515  8231  8413
  4000  4020  3800  3805  3821  3805  3324  3250  3126  3106  3050  3057  2500  2532  2300  2309  2335  2309  1700  1746  1500  1513  1552  1513   900   985   700   728   806   728     0   400   200   283   447   283   900   985  1100  1118  1170  1118  1800  1795  2000  2010  1991  1960  2600  2631  2800  2807  2828  2807  7959  7714  7531  7453  7483  7600  7797  8050  8363  8633  8989  8542  8721  8902  8700  8312  8440  8626  8236  8048  8429  7988  8180  8372  7837  8228  7796  7992  8189  7703  8100  7682  7881  8080  7650  8050  7653  7853  8052  7703  8100  7729  7927  8125  7859  8238  7907  8089  8283  8080  8459  8146  8334
  4020  4000  3821  3847  3800  3805  3300  3275  3100  3106  3076  3108  2532  2500  2335  2377  2300  2309  1746  1700  1552  1616  1500  1513   985   900   806   922   700   728   400     0   447   632   200   283   985   900  1170  1253  1100  1118  1844  1750  2040  2088  1950  1960  2631  2600  2828  2864  2800  2807  7586  7328  7135  7053  7085  7208  7416  7681  8009  8280  8633  8186  8363  8542  8331  7945  8069  8254  7865  7669  8048  7606  7797  7988  7447  7837  7404  7600  7796  7306  7703  7284  7483  7682  7250  7650  7253  7453  7653  7306  7703  7333  7531  7729  7470  7848  7521  7701  7895  7702  8080  7772  7959
  4200  4219  4000  4005  4020  4005  3523  3450  3324  3306  3250  3256  2700  2729  2500  2508  2532  2508  1900  1942  1700  1712  1746  1712  1100  1170   900   922   985   922   200   447     0   200   400   200   700   806   900   922   985   922  1600  1601  1800  1811  1795  1761  2400  2433  2600  2608  2631  2608  7891  7664  7504  7450  7504  7641  7858  8128  8456  8727  9080  8633  8810  8989  8778  8392  8515  8700  8312  8112  8491  8048  8238  8429  7882  8271  7837  8032  8228  7729  8125  7703  7901  8100  7653  8052  7650  7850  8050  7682  8080  7703  7901  8100  7816  8198  7859  8043  8238  8018  8400  8080  8269
  4205  4243  4005  4000  4045  4020  3551  3456  3354  3324  3256  3250  2707  2766  2508  2500  2571  2532  1910  1992  1712  1700  1803  1746  1118  1253   922   900  1082   985   283   632   200     0   600   400   728   922   922   900  1082   985  1612  1662  1811  1800  1850  1795  2408  2474  2608  2600  2668  2631  8080  7859  7703  7650  7703  7837  8048  8312  8633  8903  9258  8810  8989  9169  8962  8575  8700  8886  8496  8301  8681  8238  8429  8620  8077  8466  8032  8228  8423  7927  8323  7901  8100  8299  7853  8252  7850  8050  8250  7881  8280  7901  8100  8299  8011  8394  8054  8238  8434  8209  8592  8269  8459
  4219  4200  4020  4045  4000  4005  3500  3473  3300  3306  3275  3305  2729  2700  2532  2571  2500  2508  1942  1900  1746  1803  1700  1712  1170  1100   985  1082   900   922   447   200   400   600     0   200   806   700   985  1082   900   922  1649  1550  1844  1897  1750  1761  2433  2400  2631  2668  2600  2608  7514  7276  7107  7050  7107  7252  7480  7763  8106  8379  8727  8280  8456  8633  8413  8029  8148  8331  7945  7736  8112  7669  7858  8048  7495  7882  7447  7641  7837  7333  7729  7306  7504  7703  7253  7653  7250  7450  7650  7284  7682  7306  7504  7703  7424  7805  7470  7653  7848  7637  8018  7702  7891
  4205  4205  4005  4020  4005  4000  3506  3456  3306  3300  3256  3275  2707  2707  2508  2532  2508  2500  1910  1910  1712  1746  1712  1700  1118  1118   922   985   922   900   283   283   200   400   200     0   728   728   922   985   922   900  1612  1563  1811  1844  1761  1750  2408  2408  2608  2631  2608  2600  7702  7470  7306  7250  7306  7447  7669  7945  8280  8552  8903  8456  8633  8810  8595  8210  8331  8515  8128  7924  8301  7858  8048  8238  7688  8077  7641  7837  8032  7531  7927  7504  7703  7901  7453  7853  7450  7650  7850  7483  7881  7504  7703  7901  7620  8002  7664  7848  8043  7827  8209  7891  8080
  4900  4916  4700  4704  4717  4704  4219  4150  4020  4005  3950  3955  3400  3423  3200  3206  3225  3206  2600  2631  2400  2408  2433  2408  1800  1844  1600  1612  1649  1612   900   985   700   728   806   728     0   400   200   283   447   283   900   939  1100  1118  1124  1069  1700  1746  1900  1910  1942  1910  7688  7531  7453  7483  7620  7827  8108  8432  8809  9085  9424  8978  9149  9322  9080  8703  8810  8989  8610  8372  8739  8292  8477  8663  8080  8459  8018  8209  8400  7859  8249  7816  8011  8207  7703  8100  7682  7881  8080  7650  8050  7653  7853  8052  7703  8095  7729  7920  8118  7837  8228  7882  8077
  4916  4900  4717  4738  4700  4704  4200  4169  4000  4005  3970  3995  3423  3400  3225  3256  3200  3206  2631  2600  2433  2474  2400  2408  1844  1800  1649  1709  1600  1612   985   900   806   922   700   728   400     0   447   632   200   283   985   850  1170  1253  1050  1069  1746  1700  1942  1992  1900  1910  7302  7135  7053  7085  7229  7447  7742  8081  8473  8751  9085  8640  8809  8978  8727  8354  8456  8633  8256  8008  8372  7925  8108  8292  7702  8080  7637  7827  8018  7470  7859  7424  7620  7816  7306  7703  7284  7483  7682  7250  7650  7253  7453  7653  7306  7697  7333  7524  7722  7447  7837  7495  7688
  5100  5116  4900  4904  4916  4904  4418  4350  4219  4205  4150  4155  3600  3622  3400  3406  3423  3406  2800  2828  2600  2608  2631  2608  2000  2040  1800  1811  1844  1811  1100  1170   900   922   985   922   200   447     0   200   400   200   700   763   900   922   939   873  1500  1552  1700  1712  1746  1712  7641  7504  7450  7504  7664  7891  8189  8528  8917  9194  9530  9085  9254  9424  9174  8800  8903  9080  8703  8455  8818  8372  8555  8739  8146  8523  8080  8269  8459  7907  8295  7859  8054  8249  7729  8125  7703  7901  8100  7653  8052  7650  7850  8050  7682  8076  7703  7896  8095  7796  8189  7837  8032
  5104  5135  4904  4900  4937  4916  4441  4355  4243  4219  4155  4150  3606  3650  3406  3400  3453  3423  2807  2864  2608  2600  2668  2631  2010  2088  1811  1800  1897  1844  1118  1253   922   900  1082   985   283   632   200     0   600   400   728   885   922   900  1040   939  1513  1616  1712  1700  1803  1746  7837  7703  7650  7703  7859  8080  8372  8703  9085  9361  9699  9254  9424  9595  9350  8975  9080  9258  8879  8636  9001  8555  8739  8923  8334  8712  8269  8459  8650  8101  8489  8054  8249  8444  7927  8323  7901  8100  8299  7853  8252  7850  8050  8250  7881  8276  7901  8095  8294  7992  8385  8032  8228
  5116  5100  4916  4937  4900  4904  4400  4368  4200  4205  4169  4193  3622  3600  3423  3453  3400  3406  2828  2800  2631  2668  2600  2608  2040  2000  1844  1897  1800  1811  1170  1100   985  1082   900   922   447   200   400   600     0   200   806   650   985  1082   850   873  1552  1500  1746  1803  1700  1712  7252  7107  7050  7107  7276  7514  7827  8181  8586  8864  9194  8751  8917  9085  8825  8455  8552  8727  8354  8095  8455  8008  8189  8372  7772  8146  7702  7891  8080  7521  7907  7470  7664  7859  7333  7729  7306  7504  7703  7253  7653  7250  7450  7650  7284  7678  7306  7498  7697  7404  7796  7447  7641
  5104  5104  4904  4916  4904  4900  4405  4355  4205  4200  4155  4169  3606  3606  3406  3423  3406  3400  2807  2807  2608  2631  2608  2600  2010  2010  1811  1844  1811  1800  1118  1118   922   985   922   900   283   283   200   400   200     0   728   680   922   985   873   850  1513  1513  1712  1746  1712  1700  7447  7306  7250  7306  7470  7702  8008  8354  8751  9028  9361  8917  9085  9254  8999  8627  8727  8903  8528  8274  8636  8189  8372  8555  7959  8334  7891  8080  8269  7714  8101  7664  7859  8054  7531  7927  7504  7703  7901  7453  7853  7450  7650  7850  7483  7877  7504  7697  7896  7600  7992  7641  7837
  5800  5814  5600  5604  5614  5604  5116  5050  4916  4904  4850  4854  4300  4319  4100  4105  4119  4105  3500  3523  3300  3306  3324  3306  2700  2729  2500  2508  2532  2508  1800  1844  1600  1612  1649  1612   900   985   700   728   806   728     0   403   200   283   427   250   800   894  1000  1020  1077  1020  7517  7453  7483  7620  7858  8148  8504  8890  9320  9600  9922  9481  9643  9806  9530  9167  9254  9424  9058  8776  9126  8679  8856  9034  8413  8778  8331  8515  8700  8112  8491  8048  8238  8429  7859  8249  7816  8011  8207  7703  8100  7682  7881  8080  7650  8050  7653  7851  8051  7692  8090  7715  7913
  5764  5750  5564  5582  5550  5554  5050  5016  4850  4854  4817  4837  4269  4250  4070  4094  4050  4055  3473  3450  3275  3305  3250  3256  2680  2650  2482  2522  2450  2458  1795  1750  1601  1662  1550  1563   939   850   763   885   650   680   403     0   472   650   200   283   939   850  1124  1209  1050  1069  7128  7054  7080  7218  7464  7763  8130  8529  8972  9253  9570  9130  9290  9451  9167  8807  8890  9058  8695  8404  8751  8305  8480  8656  8029  8392  7945  8128  8312  7719  8096  7653  7843  8033  7458  7848  7414  7610  7805  7300  7697  7279  7478  7678  7250  7650  7254  7453  7653  7300  7697  7326  7524
  6000  6013  5800  5803  5814  5803  5315  5250  5116  5104  5050  5054  4500  4518  4300  4305  4319  4305  3700  3722  3500  3506  3523  3506  2900  2927  2700  2707  2729  2707  2000  2040  1800  1811  1844  1811  1100  1170   900   922   985   922   200   472     0   200   403   206   600   721   800   825   894   825  7493  7450  7504  7664  7924  8231  8602  9000  9442  9722 10040  9600  9760  9922  9638  9278  9361  9530  9167  8875  9222  8776  8951  9126  8498  8860  8413  8595  8778  8181  8556  8112  8301  8491  7907  8295  7859  8054  8249  7729  8125  7703  7901  8100  7653  8054  7650  7850  8050  7673  8072  7692  7891
  6003  6030  5803  5800  5831  5814  5334  5254  5135  5116  5054  5050  4504  4540  4305  4300  4342  4319  3705  3748  3506  3500  3551  3523  2907  2961  2707  2700  2766  2729  2010  2088  1811  1800  1897  1844  1118  1253   922   900  1082   985   283   650   200     0   602   403   632   849   825   800  1000   894  7692  7650  7703  7859  8112  8413  8776  9167  9600  9880 10201  9760  9922 10085  9806  9444  9530  9699  9334  9048  9397  8951  9126  9303  8678  9042  8595  8778  8962  8369  8745  8301  8491  8681  8101  8489  8054  8249  8444  7927  8323  7901  8100  8299  7853  8254  7850  8050  8250  7873  8272  7891  8090
  5963  5950  5764  5781  5750  5753  5250  5215  5050  5054  5016  5036  4468  4450  4269  4292  4250  4255  3672  3650  3473  3502  3450  3456  2878  2850  2680  2717  2650  2658  1991  1950  1795  1850  1750  1761  1124  1050   939  1040   850   873   427   200   403   602     0   200   763   650   939  1040   850   873  7101  7050  7101  7264  7532  7849  8232  8643  9098  9379  9691  9253  9411  9570  9278  8922  9000  9167  8807  8507  8850  8404  8577  8751  8117  8476  8029  8210  8392  7790  8164  7719  7907  8096  7508  7895  7458  7653  7848  7326  7722  7300  7498  7697  7252  7653  7250  7450  7650  7279  7678  7300  7498
  5953  5953  5753  5764  5753  5750  5254  5204  5054  5050  5004  5016  4454  4454  4255  4269  4255  4250  3655  3655  3456  3473  3456  3450  2857  2857  2658  2680  2658  2650  1960  1960  1761  1795  1761  1750  1069  1069   873   939   873   850   250   283   206   403   200     0   680   680   873   939   873   850  7300  7250  7300  7458  7719  8029  8404  8807  9253  9534  9850  9411  9570  9731  9444  9085  9167  9334  8972  8678  9024  8577  8751  8927  8296  8657  8210  8392  8575  7977  8351  7907  8096  8285  7701  8089  7653  7848  8043  7524  7920  7498  7697  7896  7452  7853  7450  7650  7850  7478  7877  7498  7697
  6600  6612  6400  6403  6412  6403  5914  5850  5714  5704  5650  5654  5100  5116  4900  4904  4916  4904  4300  4319  4100  4105  4119  4105  3500  3523  3300  3306  3324  3306  2600  2631  2400  2408  2433  2408  1700  1746  1500  1513  1552  1513   800   939   600   632   763   680     0   400   200   283   447   283  7453  7474  7600  7827  8148  8504  8917  9350  9822 10104 10410  9974 10128 10284  9981  9630  9701  9864  9510  9194  9530  9085  9254  9424  8776  9126  8679  8856  9034  8413  8778  8331  8515  8700  8080  8459  8018  8209  8400  7837  8228  7796  7992  8189  7692  8095  7673  7877  8076  7650  8050  7653  7853
  6612  6600  6412  6428  6400  6403  5900  5864  5700  5704  5664  5682  5116  5100  4916  4937  4900  4904  4319  4300  4119  4144  4100  4105  3523  3500  3324  3354  3300  3306  2631  2600  2433  2474  2400  2408  1746  1700  1552  1616  1500  1513   894   850   721   849   650   680   400     0   447   632   200   283  7053  7075  7208  7447  7784  8156  8586  9035  9522  9804 10104  9671  9822  9974  9661  9316  9380  9540  9192  8864  9194  8751  8917  9085  8429  8776  8329  8504  8679  8051  8413  7966  8148  8331  7702  8080  7637  7827  8018  7447  7837  7404  7600  7796  7294  7697  7275  7478  7678  7250  7650  7253  7453
  6800  6812  6600  6603  6612  6603  6113  6050  5914  5903  5850  5853  5300  5315  5100  5104  5116  5104  4500  4518  4300  4305  4319  4305  3700  3722  3500  3506  3523  3506  2800  2828  2600  2608  2631  2608  1900  1942  1700  1712  1746  1712  1000  1124   800   825   939   873   200   447     0   200   400   200  7450  7493  7641  7891  8231  8602  9028  9472  9953 10235 10538 10104 10256 10410 10100  9753  9820  9981  9630  9307  9638  9194  9361  9530  8875  9222  8776  8951  9126  8498  8860  8413  8595  8778  8146  8523  8080  8269  8459  7882  8271  7837  8032  8228  7715  8118  7692  7896  8095  7653  8052  7650  7850
  6803  6826  6603  6600  6627  6612  6129  6053  5930  5914  5853  5850  5304  5334  5104  5100  5135  5116  4504  4540  4305  4300  4342  4319  3705  3748  3506  3500  3551  3523  2807  2864  2608  2600  2668  2631  1910  1992  1712  1700  1803  1746  1020  1209   825   800  1040   939   283   632   200     0   600   400  7650  7692  7837  8080  8413  8776  9194  9630 10104 10386 10691 10256 10410 10565 10260  9911  9981 10143  9790  9472  9806  9361  9530  9699  9048  9397  8951  9126  9303  8678  9042  8595  8778  8962  8334  8712  8269  8459  8650  8077  8466  8032  8228  8423  7913  8317  7891  8095  8294  7853  8252  7850  8050
  6812  6800  6612  6627  6600  6603  6100  6063  5900  5903  5864  5881  5315  5300  5116  5135  5100  5104  4518  4500  4319  4342  4300  4305  3722  3700  3523  3551  3500  3506  2828  2800  2631  2668  2600  2608  1942  1900  1746  1803  1700  1712  1077  1050   894  1000   850   873   447   200   400   600     0   200  7050  7095  7252  7514  7871  8258  8701  9161  9657  9940 10235  9804  9953 10104  9784  9443  9503  9661  9316  8981  9307  8864  9028  9194  8533  8875  8429  8602  8776  8140  8498  8051  8231  8413  7772  8146  7702  7891  8080  7495  7882  7447  7641  7837  7319  7722  7294  7498  7697  7253  7653  7250  7450
  6803  6803  6603  6612  6603  6600  6103  6053  5903  5900  5853  5864  5304  5304  5104  5116  5104  5100  4504  4504  4305  4319  4305  4300  3705  3705  3506  3523  3506  3500  2807  2807  2608  2631  2608  2600  1910  1910  1712  1746  1712  1700  1020  1069   825   894   873   850   283   283   200   400   200     0  7250  7294  7447  7702  8051  8429  8864  9316  9804 10087 10386  9953 10104 10256  9941  9597  9661  9820  9472  9143  9472  9028  9194  9361  8704  9048  8602  8776  8951  8318  8678  8231  8413  8595  7959  8334  7891  8080  8269  7688  8077  7641  7837  8032  7517  7920  7493  7697  7896  7453  7853  7450  7650
 10087  9795  9953 10104  9657  9804  9323  9597  9193  9347  9472  9630  9143  8820  9028  9194  8701  8864  8704  8364  8602  8776  8258  8429  8318  7962  8231  8413  7871  8051  7959  7586  7891  8080  7514  7702  7688  7302  7641  7837  7252  7447  7517  7128  7493  7692  7101  7300  7453  7053  7450  7650  7050  7250     0   800  1700  2600  3500  4300  5100  5850  6600  6803  6826  6603  6612  6627  6129  6053  5914  5930  5853  5304  5334  5104  5116  5135  4504  4540  4305  4319  4342  3705  3748  3506  3523  3551  2807  2864  2608  2631  2668  1910  1992  1712  1746  1803  1020  1209   825   939  1040   283   632   200   400
  9566  9258  9442  9600  9129  9285  8820  9114  8701  8864  9000  9167  8704  8364  8602  8776  8258  8429  8318  7962  8231  8413  7871  8051  7995  7623  7924  8112  7549  7736  7714  7328  7664  7859  7276  7470  7531  7135  7504  7703  7107  7306  7453  7054  7450  7650  7050  7250  7474  7075  7493  7692  7095  7294   800     0   900  1800  2700  3500  4300  5050  5800  6003  6030  5803  5814  5831  5334  5254  5116  5135  5054  4504  4540  4305  4319  4342  3705  3748  3506  3523  3551  2907  2961  2707  2729  2766  2010  2088  1811  1844  1897  1118  1253   922   985  1082   283   650   200   403   602   632   849   825   894
  9028  8701  8917  9085  8586  8751  8310  8627  8206  8379  8528  8703  8274  7916  8189  8372  7827  8008  7959  7586  7891  8080  7514  7702  7714  7328  7664  7859  7276  7470  7531  7135  7504  7703  7107  7306  7453  7053  7450  7650  7050  7250  7483  7080  7504  7703  7101  7300  7600  7208  7641  7837  7252  7447  1700   900     0   900  1800  2600  3400  4150  4900  5104  5135  4904  4916  4937  4441  4355  4219  4243  4155  3606  3650  3406  3423  3453  2807  2864  2608  2631  2668  2010  2088  1811  1844  1897  1118  1253   922   985  1082   283   632   200   400   600   728   885   922   939  1040  1513  1616  1712  1746
  8552  8206  8456  8633  8106  8280  7871  8210  7784  7966  8128  8312  7924  7549  7858  8048  7480  7669  7688  7302  7641  7837  7252  7447  7531  7135  7504  7703  7107  7306  7453  7053  7450  7650  7050  7250  7483  7085  7504  7703  7107  7306  7620  7218  7664  7859  7264  7458  7827  7447  7891  8080  7514  7702  2600  1800   900     0   900  1700  2500  3250  4000  4205  4243  4005  4020  4045  3551  3456  3324  3354  3256  2707  2766  2508  2532  2571  1910  1992  1712  1746  1803  1118  1253   922   985  1082   283   632   200   400   600   728   922   922   985  1082  1612  1662  1811  1795  1850  2408  2474  2608  2631
  8148  7784  8069  8254  7701  7885  7514  7874  7447  7637  7812  8003  7664  7276  7620  7816  7229  7424  7517  7121  7493  7692  7095  7294  7453  7053  7450  7650  7050  7250  7483  7085  7504  7703  7107  7306  7620  7229  7664  7859  7276  7470  7858  7464  7924  8112  7532  7719  8148  7784  8231  8413  7871  8051  3500  2700  1800   900     0   800  1600  2350  3100  3306  3354  3106  3126  3158  2668  2558  2433  2474  2358  1811  1897  1612  1649  1709  1020  1166   825   894  1000   283   632   200   400   600   728   922   922   985  1082  1612  1709  1811  1844  1897  2508  2522  2707  2680  2717  3306  3354  3506  3523
  7858  7480  7797  7988  7416  7606  7276  7653  7229  7424  7610  7805  7517  7121  7493  7692  7095  7294  7453  7053  7450  7650  7050  7250  7474  7075  7493  7692  7095  7294  7600  7208  7641  7837  7252  7447  7827  7447  7891  8080  7514  7702  8148  7763  8231  8413  7849  8029  8504  8156  8602  8776  8258  8429  4300  3500  2600  1700   800     0   800  1550  2300  2508  2571  2309  2335  2377  1897  1761  1649  1709  1563  1020  1166   825   894  1000   283   632   200   400   600   632   849   825   894  1000  1513  1616  1712  1746  1803  2408  2474  2608  2631  2668  3306  3305  3506  3473  3502  4105  4144  4305  4319
  7641  7252  7600  7796  7208  7404  7121  7510  7095  7294  7488  7687  7453  7053  7450  7650  7050  7250  7474  7075  7493  7692  7095  7294  7580  7188  7620  7816  7229  7424  7797  7416  7858  8048  7480  7669  8108  7742  8189  8372  7827  8008  8504  8130  8602  8776  8232  8404  8917  8586  9028  9194  8701  8864  5100  4300  3400  2500  1600   800     0   750  1500  1712  1803  1513  1552  1616  1166   971   894  1000   776   283   632   200   400   600   632   849   825   894  1000  1414  1523  1612  1649  1709  2309  2377  2508  2532  2571  3206  3256  3406  3423  3453  4105  4094  4305  4269  4292  4904  4937  5104  5116
  7510  7114  7488  7687  7090  7289  7054  7453  7050  7250  7450  7650  7470  7071  7488  7687  7090  7289  7571  7178  7610  7805  7218  7414  7754  7371  7812  8003  7431  7621  8050  7681  8128  8312  7763  7945  8432  8081  8528  8703  8181  8354  8890  8529  9000  9167  8643  8807  9350  9035  9472  9630  9161  9316  5850  5050  4150  3250  2350  1550   750     0   750   971  1124   776   850   960   650   283   403   602   200   585   814   776   850   960  1365  1477  1563  1601  1662  2159  2232  2358  2384  2425  3057  3108  3256  3275  3305  3955  3995  4155  4169  4193  4854  4837  5054  5016  5036  5654  5682  5853  5864
