144
     0   150   304   403   527   627  4450  4453  4750  4850  4975  5075  6204  6227  5234  5136  4942  4845  4490  4540  4609  1826  1901  1343  1297  1226  1201   600   900  1200  2595  2476  2359  2247  1384  1416  2801  2928  3057  3188  5028  5124  6858  6913  6970  3985  4079  4174  4509  4482  4457  4434  4413  4394  4377  4363  4351  4341  4270  4365  5365  5425  5486  5548  5611  5675  5741  5807  5874  5942  7027  7086  8247  8185  8110  8051  7919  8043  6530  6521  6512  6507  6550  6700  7150  7450  7355  7550  8422  8678  9447  9600  9257  9202  9302  9249  9095  9042  8937  8547  8499  8453  8410  7752  7745  7891  7885  7733  7729  7750  8242  8273  8307  8344 10403 11806 11894 11981 12069 12157 11613 11579 11545 11512 11479 11448 11417 11387 11357 11329 10503 10602 10701 10801 10881 10885 10890 10896 10903 10910 10919 10928 10938 10949
   150     0   361   447   562   656  4453  4450  4754  4854  4979  5079  6191  6209  5202  5104  4908  4810  4473  4513  4572  1783  1843  1214  1163  1083  1055   450   750  1050  2510  2386  2265  2148  1241  1277  2723  2853  2985  3119  4990  5088  6776  6830  6885  3843  3937  4032  4365  4337  4311  4287  4266  4246  4229  4214  4202  4192  4127  4222  5245  5306  5369  5432  5496  5562  5629  5696  5765  5834  6941  6998  8129  8067  7990  7930  7795  7919  6381  6372  6363  6357  6400  6550  7000  7300  7209  7404  8295  8549  9334  9485  9132  9076  9175  9121  8968  8915  8807  8405  8356  8310  8266  7603  7595  7741  7735  7583  7579  7600  8095  8127  8161  8199 10255 11675 11762 11850 11937 12025 11473 11438 11404 11370 11337 11305 11274 11243 11214 11185 10354 10453 10552 10652 10732 10736 10740 10746 10753 10761 10769 10779 10789 10801
   304   361     0   100   225   325  4150  4155  4450  4550  4675  4775  5911  5936  4954  4857  4664  4567  4201  4257  4334  1566  1659  1274  1250  1226  1226   716   996  1285  2871  2746  2625  2507  1379  1389  2585  2706  2829  2955  4753  4849  6638  6696  6755  3947  4044  4141  4650  4617  4586  4557  4530  4505  4482  4462  4443  4427  4239  4336  5235  5291  5348  5406  5465  5526  5587  5650  5714  5779  6815  6876  8106  8047  7975  7919  7796  7924  6558  6554  6551  6550  6607  6757  7206  7506  7340  7536  8310  8572  9293  9449  9137  9085  9188  9138  8983  8934  8835  8501  8458  8418  8380  7783  7779  7928  7926  7775  7775  7806  8356  8392  8431  8472 10421 11708 11796 11885 11974 12064 11559 11527 11495 11464 11434 11405 11377 11350 11323 11297 10520 10620 10719 10819 10946 10952 10960 10968 10978 10988 10999 11011 11024 11038
   403   447   100     0   125   225  4050  4055  4350  4450  4575  4675  5811  5837  4857  4760  4567  4471  4102  4160  4239  1476  1574  1250  1234  1226  1234   763  1031  1312  2955  2829  2706  2585  1375  1379  2507  2625  2746  2871  4658  4753  6556  6615  6675  3924  4021  4119  4685  4650  4617  4586  4557  4530  4505  4482  4462  4443  4217  4315  5181  5235  5291  5348  5406  5465  5526  5587  5650  5714  6736  6798  8047  7990  7919  7863  7744  7872  6554  6551  6550  6551  6612  6762  7211  7511  7321  7518  8261  8524  9230  9387  9085  9034  9138  9089  8934  8885  8789  8472  8431  8392  8356  7779  7776  7926  7925  7775  7776  7810  8380  8418  8458  8501 10412 11662 11751 11840 11929 12019 11527 11495 11464 11434 11405 11377 11350 11323 11297 11272 10511 10611 10711 10810 10952 10960 10968 10978 10988 10999 11011 11024 11038 11053
   527   562   225   125     0   100  3925  3930  4225  4325  4450  4550  5687  5714  4736  4640  4447  4351  3978  4038  4119  1365  1471  1231  1225  1237  1255   836  1085  1356  3061  2934  2808  2685  1381  1375  2411  2526  2645  2767  4538  4634  6455  6515  6576  3898  3996  4094  4731  4694  4658  4625  4594  4564  4537  4511  4488  4467  4193  4291  5115  5168  5221  5277  5333  5391  5450  5510  5572  5634  6637  6700  7975  7919  7849  7794  7679  7808  6551  6550  6551  6554  6621  6770  7219  7518  7299  7497  8200  8465  9152  9310  9021  8971  9077  9028  8873  8825  8732  8437  8398  8362  8327  7776  7775  7925  7926  7777  7780  7818  8411  8451  8494  8539 10402 11605 11695 11784 11874 11964 11487 11457 11427 11398 11370 11343 11316 11291 11266 11242 10502 10602 10701 10801 10962 10971 10980 10991 11002 11014 11027 11042 11056 11072
   627   656   325   225   100     0  3825  3830  4125  4225  4350  4450  5588  5615  4640  4543  4351  4255  3880  3941  4024  1278  1390  1225  1227  1255  1281   902  1137  1398  3147  3018  2892  2767  1393  1381  2336  2449  2565  2685  4443  4538  6375  6435  6497  3880  3978  4077  4770  4731  4694  4658  4625  4594  4564  4537  4511  4488  4176  4275  5064  5115  5168  5221  5277  5333  5391  5450  5510  5572  6559  6623  7919  7863  7794  7741  7628  7758  6550  6551  6554  6558  6630  6779  7227  7526  7284  7481  8153  8419  9091  9250  8971  8921  9028  8981  8825  8778  8687  8411  8374  8339  8306  7775  7775  7926  7928  7780  7784  7825  8437  8479  8523  8570 10395 11561 11651 11741 11831 11921 11457 11427 11398 11370 11343 11316 11291 11266 11242 11219 10495 10595 10695 10795 10971 10980 10991 11002 11014 11027 11042 11056 11072 11089
  4450  4453  4150  4050  3925  3825     0   150   304   403   527   627  1826  1901  1343  1297  1226  1201   600   900  1200  2790  2840  3978  4073  4265  4361  4490  4540  4609  6725  6579  6433  6288  4261  4166  2595  2476  2359  2247  1384  1416  3985  4079  4174  4933  5010  5087  7175  7096  7016  6938  6860  6783  6706  6630  6554  6480  5166  5245  4509  4482  4457  4434  4413  4394  4377  4363  4351  4341  4270  4365  6530  6521  6512  6507  6550  6700  7542  7593  7658  7712  7919  8043  8422  8678  7652  7839  7150  7450  7355  7550  7752  7745  7891  7885  7733  7729  7750  8242  8273  8307  8344  8609  8654  8810  8855  8746  8793  8937 10120 10211 10304 10398 10802 10403 10503 10602 10701 10801 10881 10885 10890 10896 10903 10910 10919 10928 10938 10949 10898 10993 11089 11185 11897 11938 11980 12022 12065 12109 12153 12198 12244 12290
  4453  4450  4155  4055  3930  3830   150     0   361   447   562   656  1783  1843  1214  1163  1083  1055   450   750  1050  2762  2801  3936  4032  4226  4323  4473  4513  4572  6693  6546  6399  6253  4217  4121  2510  2386  2265  2148  1241  1277  3843  3937  4032  4819  4895  4971  7086  7005  6925  6846  6767  6688  6610  6533  6456  6381  5048  5127  4365  4337  4311  4287  4266  4246  4229  4214  4202  4192  4127  4222  6381  6372  6363  6357  6400  6550  7413  7465  7532  7586  7795  7919  8295  8549  7512  7698  7000  7300  7209  7404  7603  7595  7741  7735  7583  7579  7600  8095  8127  8161  8199  8475  8520  8676  8722  8613  8661  8807 10001 10093 10187 10281 10659 10255 10354 10453 10552 10652 10732 10736 10740 10746 10753 10761 10769 10779 10789 10801 10754 10850 10946 11041 11760 11802 11844 11887 11930 11974 12019 12064 12111 12157
  4750  4754  4450  4350  4225  4125   304   361     0   100   225   325  1566  1659  1274  1250  1226  1226   716   996  1285  3094  3142  4279  4375  4567  4664  4794  4844  4912  7029  6883  6737  6591  4562  4467  2871  2746  2625  2507  1379  1389  3947  4044  4141  5168  5242  5318  7446  7365  7285  7205  7126  7047  6969  6892  6815  6738  5394  5470  4650  4617  4586  4557  4530  4505  4482  4462  4443  4427  4239  4336  6558  6554  6551  6550  6607  6757  7741  7794  7863  7919  8132  8254  8626  8878  7810  7994  7206  7506  7340  7536  7783  7779  7928  7926  7775  7775  7806  8356  8392  8431  8472  8790  8837  8993  9040  8934  8983  9132 10343 10436 10531 10627 10941 10421 10520 10620 10719 10819 10946 10952 10960 10968 10978 10988 10999 11011 11024 11038 11036 11131 11226 11321 12067 12110 12154 12198 12243 12288 12334 12381 12428 12476
  4850  4854  4550  4450  4325  4225   403   447   100     0   125   225  1476  1574  1250  1234  1226  1234   763  1031  1312  3192  3239  4375  4471  4664  4760  4893  4942  5008  7126  6980  6834  6688  4658  4562  2955  2829  2706  2585  1375  1379  3924  4021  4119  5236  5309  5383  7527  7446  7365  7285  7205  7126  7047  6969  6892  6815  5459  5535  4685  4650  4617  4586  4557  4530  4505  4482  4462  4443  4217  4315  6554  6551  6550  6551  6612  6762  7794  7849  7919  7975  8190  8312  8681  8932  7849  8033  7211  7511  7321  7518  7779  7776  7926  7925  7775  7776  7810  8380  8418  8458  8501  8837  8885  9040  9089  8983  9034  9185 10405 10499 10595 10692 10974 10412 10511 10611 10711 10810 10952 10960 10968 10978 10988 10999 11011 11024 11038 11053 11068 11163 11258 11353 12110 12154 12198 12243 12288 12334 12381 12428 12476 12525
  4975  4979  4675  4575  4450  4350   527   562   225   125     0   100  1365  1471  1231  1225  1237  1255   836  1085  1356  3314  3359  4495  4591  4784  4881  5017  5065  5130  7248  7102  6956  6810  4777  4681  3061  2934  2808  2685  1381  1375  3898  3996  4094  5322  5394  5467  7629  7547  7466  7385  7305  7225  7146  7067  6989  6911  5541  5616  4731  4694  4658  4625  4594  4564  4537  4511  4488  4467  4193  4291  6551  6550  6551  6554  6621  6770  7863  7919  7990  8047  8265  8385  8752  9000  7900  8082  7219  7518  7299  7497  7776  7775  7925  7926  7777  7780  7818  8411  8451  8494  8539  8897  8946  9101  9151  9047  9098  9252 10484 10579 10676 10774 11015 10402 10502 10602 10701 10801 10962 10971 10980 10991 11002 11014 11027 11042 11056 11072 11109 11204 11298 11393 12165 12209 12254 12300 12346 12393 12440 12488 12537 12586
  5075  5079  4775  4675  4550  4450   627   656   325   225   100     0  1278  1390  1225  1227  1255  1281   902  1137  1398  3412  3456  4591  4688  4881  4978  5116  5163  5227  7346  7199  7053  6907  4873  4777  3147  3018  2892  2767  1393  1381  3880  3978  4077  5392  5463  5535  7711  7629  7547  7466  7385  7305  7225  7146  7067  6989  5609  5682  4770  4731  4694  4658  4625  4594  4564  4537  4511  4488  4176  4275  6550  6551  6554  6558  6630  6779  7919  7975  8047  8106  8326  8445  8809  9056  7941  8123  7227  7526  7284  7481  7775  7775  7926  7928  7780  7784  7825  8437  8479  8523  8570  8946  8996  9151  9201  9098  9150  9306 10547 10643 10741 10840 11049 10395 10495 10595 10695 10795 10971 10980 10991 11002 11014 11027 11042 11056 11072 11089 11143 11237 11331 11425 12209 12254 12300 12346 12393 12440 12488 12537 12586 12636
  6204  6191  5911  5811  5687  5588  1826  1783  1566  1476  1365  1278     0   200  1219  1308  1490  1583  1725  1751  1826  4450  4454  5555  5654  5853  5953  6175  6182  6204  8327  8177  8028  7879  5820  5721  3935  3790  3644  3499  1510  1423  3207  3306  3405  5839  5894  5950  8329  8240  8151  8062  7974  7885  7797  7710  7622  7535  6007  6066  4783  4721  4660  4601  4543  4486  4431  4378  4326  4276  3504  3603  6002  6021  6047  6070  6195  6339  8100  8169  8256  8326  8575  8680  9002  9222  7919  8085  6773  7064  6550  6750  7206  7221  7377  7395  7256  7276  7355  8202  8264  8330  8397  9016  9078  9227  9289  9203  9267  9447 10822 10931 11040 11151 10890  9735  9835  9935 10035 10135 10487 10508 10529 10552 10575 10599 10624 10650 10676 10704 10979 11069 11158 11248 12185 12239 12294 12349 12405 12461 12518 12575 12633 12692
  6227  6209  5936  5837  5714  5615  1901  1843  1659  1574  1471  1390   200     0  1139  1233  1425  1522  1737  1728  1771  4454  4450  5538  5637  5837  5937  6178  6176  6188  8307  8157  8008  7859  5799  5699  3893  3746  3599  3452  1425  1333  3009  3108  3207  5732  5785  5839  8242  8152  8062  7972  7882  7793  7704  7615  7526  7438  5894  5950  4629  4565  4502  4440  4380  4322  4264  4209  4155  4103  3306  3405  5805  5825  5852  5875  6003  6147  7956  8026  8114  8186  8438  8541  8857  9075  7754  7919  6580  6870  6350  6550  7008  7024  7180  7198  7060  7080  7161  8020  8084  8151  8219  8859  8922  9070  9133  9049  9114  9297 10684 10795 10906 11018 10711  9536  9636  9735  9835  9935 10292 10312 10334 10357 10381 10405 10431 10457 10484 10512 10800 10890 10979 11069 12017 12072 12127 12183 12240 12297 12354 12412 12471 12530
  5234  5202  4954  4857  4736  4640  1343  1214  1274  1250  1231  1225  1219  1139     0   100   300   400   868   706   650  3424  3396  4450  4550  4750  4850  5132  5107  5100  7209  7059  6909  6759  4702  4602  2772  2623  2475  2326   292   212  2674  2771  2869  4625  4682  4740  7111  7021  6932  6843  6754  6666  6578  6491  6403  6316  4800  4861  3692  3640  3591  3544  3500  3457  3417  3380  3345  3313  2967  3064  5325  5326  5331  5336  5414  5563  6956  7020  7103  7169  7409  7519  7856  8086  6862  7037  6010  6309  6071  6268  6550  6551  6702  6705  6557  6562  6607  7273  7322  7374  7428  7919  7975  8127  8184  8091  8150  8321  9653  9758  9865  9972  9917  9171  9271  9371  9471  9570  9754  9765  9777  9790  9804  9819  9835  9852  9870  9889 10010 10102 10195 10288 11138 11188 11238 11289 11340 11393 11445 11499 11553 11607
  5136  5104  4857  4760  4640  4543  1297  1163  1250  1234  1225  1227  1308  1233   100     0   200   300   796   615   551  3325  3296  4350  4450  4650  4750  5033  5008  5000  7109  6959  6809  6659  4602  4502  2673  2524  2376  2228   212   158  2699  2796  2892  4543  4601  4660  7021  6932  6843  6754  6666  6578  6491  6403  6316  6230  4721  4783  3640  3591  3544  3500  3457  3417  3380  3345  3313  3283  2989  3086  5326  5325  5327  5331  5403  5552  6892  6956  7037  7103  7341  7452  7791  8023  6814  6990  6000  6299  6089  6286  6551  6550  6700  6702  6553  6557  6598  7242  7289  7339  7391  7863  7919  8071  8127  8033  8091  8260  9583  9688  9793  9901  9879  9179  9278  9378  9478  9577  9744  9754  9765  9777  9790  9804  9819  9835  9852  9870  9972 10065 10158 10251 11090 11138 11188 11238 11289 11340 11393 11445 11499 11553
  4942  4908  4664  4567  4447  4351  1226  1083  1226  1226  1237  1255  1490  1425   300   200     0   100   673   445   351  3128  3098  4150  4250  4450  4550  4834  4808  4800  6909  6759  6609  6459  4403  4303  2475  2326  2178  2030   158   212  2760  2854  2949  4380  4440  4502  6843  6754  6666  6578  6491  6403  6316  6230  6144  6058  4565  4629  3544  3500  3457  3417  3380  3345  3313  3283  3256  3232  3044  3139  5332  5328  5325  5325  5386  5536  6767  6829  6908  6972  7206  7319  7664  7900  6720  6898  5985  6285  6131  6326  6557  6553  6702  6700  6550  6551  6584  7184  7227  7273  7322  7754  7808  7961  8016  7919  7975  8141  9445  9548  9653  9758  9806  9197  9296  9396  9495  9595  9727  9735  9744  9754  9765  9777  9790  9804  9819  9835  9899  9992 10086 10180 10994 11042 11090 11138 11188 11238 11289 11340 11393 11445
  4845  4810  4567  4471  4351  4255  1201  1055  1226  1234  1255  1281  1583  1522   400   300   100     0   627   372   251  3030  2999  4050  4150  4350  4450  4735  4708  4700  6809  6659  6509  6360  4303  4203  2376  2228  2080  1932   212   292  2795  2888  2982  4300  4361  4424  6754  6666  6578  6491  6403  6316  6230  6144  6058  5973  4488  4553  3500  3457  3417  3380  3345  3313  3283  3256  3232  3211  3076  3170  5338  5332  5327  5325  5381  5531  6705  6767  6844  6908  7140  7254  7602  7840  6675  6854  5980  6280  6154  6349  6562  6557  6705  6702  6551  6550  6580  7157  7198  7242  7289  7701  7754  7908  7961  7863  7919  8082  9377  9479  9583  9688  9770  9207  9307  9406  9505  9605  9720  9727  9735  9744  9754  9765  9777  9790  9804  9819  9864  9958 10052 10146 10947 10994 11042 11090 11138 11188 11238 11289 11340 11393
  4490  4473  4201  4102  3978  3880   600   450   716   763   836   902  1725  1737   868   796   673   627     0   300   600  2725  2732  3843  3942  4140  4239  4450  4460  4490  6615  6467  6318  6170  4114  4016  2295  2158  2024  1892   828   881  3421  3514  3608  4490  4561  4634  6830  6747  6663  6581  6499  6417  6336  6255  6175  6096  4707  4781  3937  3906  3877  3850  3826  3805  3786  3769  3755  3744  3702  3796  5933  5923  5914  5908  5950  6100  7031  7086  7156  7213  7430  7551  7919  8169  7094  7279  6550  6850  6773  6967  7155  7146  7292  7286  7134  7129  7150  7655  7689  7725  7764  8075  8123  8278  8326  8220  8271  8422  9648  9744  9841  9939 10230  9808  9907 10007 10106 10205 10282 10286 10291 10297 10304 10312 10321 10331 10342 10354 10325 10420 10516 10611 11351 11394 11438 11482 11527 11573 11619 11666 11714 11762
  4540  4513  4257  4160  4038  3941   900   750   996  1031  1085  1137  1751  1728   706   615   445   372   300     0   300  2741  2727  3810  3910  4109  4209  4460  4450  4460  6580  6430  6281  6132  4072  3973  2191  2048  1905  1764   584   656  3145  3237  3329  4283  4351  4420  6671  6586  6500  6416  6331  6247  6164  6081  5999  5917  4490  4561  3655  3621  3590  3561  3535  3512  3491  3473  3458  3445  3421  3514  5635  5625  5614  5608  5650  5800  6782  6839  6911  6970  7192  7310  7672  7919  6818  7002  6250  6550  6484  6677  6856  6847  6993  6986  6834  6830  6850  7362  7397  7435  7476  7812  7861  8016  8066  7962  8014  8169  9418  9515  9615  9715  9945  9511  9610  9709  9808  9907  9982  9986  9992  9998 10005 10013 10023 10033 10044 10056 10040 10135 10230 10325 11081 11125 11169 11215 11261 11307 11355 11403 11452 11501
  4609  4572  4334  4239  4119  4024  1200  1050  1285  1312  1356  1398  1826  1771   650   551   351   251   600   300     0  2790  2754  3800  3900  4100  4200  4490  4460  4450  6558  6408  6258  6109  4052  3952  2125  1977  1829  1682   419   515  2873  2963  3054  4088  4152  4217  6522  6435  6348  6261  6174  6088  6003  5917  5833  5749  4283  4351  3375  3339  3305  3274  3245  3220  3197  3177  3161  3147  3145  3237  5337  5326  5315  5308  5350  5500  6536  6595  6670  6731  6959  7075  7430  7672  6544  6727  5950  6250  6195  6387  6557  6548  6694  6687  6534  6530  6550  7070  7107  7146  7189  7551  7602  7756  7808  7706  7760  7919  9191  9291  9393  9496  9662  9214  9313  9412  9511  9610  9682  9687  9692  9699  9706  9714  9724  9735  9746  9759  9756  9851  9945 10040 10811 10856 10902 10949 10996 11044 11092 11141 11191 11242
  1826  1783  1566  1476  1365  1278  2790  2762  3094  3192  3314  3412  4450  4454  3424  3325  3128  3030  2725  2741  2790     0   200  1219  1308  1490  1583  1725  1751  1826  3935  3790  3644  3499  1510  1423  1116  1207  1308  1418  3208  3305  5107  5170  5234  3207  3306  3405  4783  4721  4660  4601  4543  4486  4431  4378  4326  4276  3504  3603  3997  4035  4074  4116  4159  4205  4252  4301  4352  4404  5299  5365  6785  6736  6676  6630  6544  6681  6002  6021  6047  6070  6195  6339  6773  7064  6550  6750  7094  7372  7919  8085  7884  7842  7958  7918  7760  7721  7652  7552  7532  7515  7501  7206  7221  7377  7395  7256  7276  7355  8202  8264  8330  8397  9735 10515 10608 10701 10794 10886 10540 10518 10498 10478 10458 10440 10423 10407 10391 10377  9835  9935 10035 10135 10487 10508 10529 10552 10575 10599 10624 10650 10676 10704
  1901  1843  1659  1574  1471  1390  2840  2801  3142  3239  3359  3456  4454  4450  3396  3296  3098  2999  2732  2727  2754   200     0  1139  1233  1425  1522  1737  1728  1771  3893  3746  3599  3452  1425  1333   957  1061  1175  1297  3169  3267  4985  5045  5107  3009  3108  3207  4629  4565  4502  4440  4380  4322  4264  4209  4155  4103  3306  3405  3812  3851  3892  3935  3981  4028  4078  4129  4182  4237  5170  5234  6612  6561  6500  6453  6363  6499  5805  5825  5852  5875  6003  6147  6580  6870  6350  6550  6910  7187  7754  7919  7704  7660  7775  7734  7577  7537  7465  7354  7334  7316  7302  7008  7024  7180  7198  7060  7080  7161  8020  8084  8151  8219  9536 10331 10423 10515 10608 10701 10345 10323 10302 10281 10262 10243 10226 10209 10194 10179  9636  9735  9835  9935 10292 10312 10334 10357 10381 10405 10431 10457 10484 10512
  1343  1214  1274  1250  1231  1225  3978  3936  4279  4375  4495  4591  5555  5538  4450  4350  4150  4050  3843  3810  3800  1219  1139     0   100   300   400   868   706   650  2772  2623  2475  2326   292   212  1736  1883  2030  2178  4203  4303  5702  5749  5796  2674  2771  2869  3692  3640  3591  3544  3500  3457  3417  3380  3345  3313  2967  3064  4037  4100  4165  4231  4299  4367  4437  4508  4580  4653  5845  5895  6924  6860  6782  6721  6583  6706  5325  5326  5331  5336  5414  5563  6010  6309  6071  6268  7081  7336  8138  8286  7919  7863  7961  7908  7754  7701  7594  7227  7184  7144  7106  6550  6551  6702  6705  6557  6562  6607  7273  7322  7374  7428  9171 10463 10551 10639 10727 10815 10287 10254 10222 10191 10161 10131 10103 10075 10049 10023  9271  9371  9471  9570  9754  9765  9777  9790  9804  9819  9835  9852  9870  9889
  1297  1163  1250  1234  1225  1227  4073  4032  4375  4471  4591  4688  5654  5637  4550  4450  4250  4150  3942  3910  3900  1308  1233   100     0   200   300   796   615   551  2673  2524  2376  2228   212   158  1834  1981  2129  2277  4303  4403  5791  5837  5884  2699  2796  2892  3640  3591  3544  3500  3457  3417  3380  3345  3313  3283  2989  3086  4100  4165  4231  4299  4367  4437  4508  4580  4653  4727  5932  5982  6988  6924  6844  6782  6641  6763  5326  5325  5327  5331  5403  5552  6000  6299  6089  6286  7135  7388  8206  8353  7975  7919  8016  7961  7808  7754  7645  7258  7212  7170  7131  6551  6550  6700  6702  6553  6557  6598  7242  7289  7339  7391  9179 10512 10599 10687 10774 10862 10321 10287 10254 10222 10191 10161 10131 10103 10075 10049  9278  9378  9478  9577  9744  9754  9765  9777  9790  9804  9819  9835  9852  9870
  1226  1083  1226  1226  1237  1255  4265  4226  4567  4664  4784  4881  5853  5837  4750  4650  4450  4350  4140  4109  4100  1490  1425   300   200     0   100   673   445   351  2475  2326  2178  2030   158   212  2030  2178  2326  2475  4502  4602  5971  6015  6061  2760  2854  2949  3544  3500  3457  3417  3380  3345  3313  3283  3256  3232  3044  3139  4231  4299  4367  4437  4508  4580  4653  4727  4802  4878  6107  6156  7119  7053  6972  6908  6760  6880  5332  5328  5325  5325  5386  5536  5985  6285  6131  6326  7246  7496  8345  8489  8091  8033  8127  8071  7919  7863  7749  7322  7273  7227  7184  6557  6553  6702  6700  6550  6551  6584  7184  7227  7273  7322  9197 10612 10698 10785 10872 10959 10391 10355 10321 10287 10254 10222 10191 10161 10131 10103  9296  9396  9495  9595  9727  9735  9744  9754  9765  9777  9790  9804  9819  9835
  1201  1055  1226  1234  1255  1281  4361  4323  4664  4760  4881  4978  5953  5937  4850  4750  4550  4450  4239  4209  4200  1583  1522   400   300   100     0   627   372   251  2376  2228  2080  1932   212   292  2129  2277  2425  2574  4602  4702  6061  6105  6149  2795  2888  2982  3500  3457  3417  3380  3345  3313  3283  3256  3232  3211  3076  3170  4299  4367  4437  4508  4580  4653  4727  4802  4878  4955  6196  6243  7186  7119  7037  6972  6821  6940  5338  5332  5327  5325  5381  5531  5980  6280  6154  6349  7303  7551  8415  8558  8150  8091  8184  8127  7975  7919  7802  7356  7305  7258  7212  6562  6557  6705  6702  6551  6550  6580  7157  7198  7242  7289  9207 10663 10749 10835 10921 11008 10427 10391 10355 10321 10287 10254 10222 10191 10161 10131  9307  9406  9505  9605  9720  9727  9735  9744  9754  9765  9777  9790  9804  9819
   600   450   716   763   836   902  4490  4473  4794  4893  5017  5116  6175  6178  5132  5033  4834  4735  4450  4460  4490  1725  1737   868   796   673   627     0   300   600  2295  2158  2024  1892   828   881  2525  2666  2807  2949  4904  5003  6546  6596  6646  3421  3514  3608  3937  3906  3877  3850  3826  3805  3786  3769  3755  3744  3702  3796  4895  4960  5027  5094  5163  5233  5303  5375  5448  5521  6697  6750  7782  7718  7638  7574  7430  7551  5933  5923  5914  5908  5950  6100  6550  6850  6773  6967  7919  8169  9002  9148  8762  8704  8799  8743  8591  8536  8422  7982  7931  7882  7836  7155  7146  7292  7286  7134  7129  7150  7655  7689  7725  7764  9808 11285 11371 11458 11545 11631 11054 11017 10981 10947 10912 10879 10847 10815 10784 10754  9907 10007 10106 10205 10282 10286 10291 10297 10304 10312 10321 10331 10342 10354
   900   750   996  1031  1085  1137  4540  4513  4844  4942  5065  5163  6182  6176  5107  5008  4808  4708  4460  4450  4460  1751  1728   706   615   445   372   300     0   300  2191  2048  1905  1764   584   656  2432  2577  2723  2869  4869  4968  6406  6452  6499  3145  3237  3329  3655  3621  3590  3561  3535  3512  3491  3473  3458  3445  3421  3514  4670  4739  4808  4879  4951  5024  5097  5172  5247  5323  6546  6596  7557  7491  7408  7343  7192  7310  5635  5625  5614  5608  5650  5800  6250  6550  6484  6677  7672  7919  8786  8929  8520  8461  8553  8495  8344  8287  8169  7702  7649  7598  7550  6856  6847  6993  6986  6834  6830  6850  7362  7397  7435  7476  9511 11028 11113 11199 11285 11371 10775 10738 10701 10665 10630 10596 10563 10530 10499 10468  9610  9709  9808  9907  9982  9986  9992  9998 10005 10013 10023 10033 10044 10056
  1200  1050  1285  1312  1356  1398  4609  4572  4912  5008  5130  5227  6204  6188  5100  5000  4800  4700  4490  4460  4450  1826  1771   650   551   351   251   600   300     0  2125  1977  1829  1682   419   515  2372  2521  2670  2819  4852  4952  6277  6319  6362  2873  2963  3054  3375  3339  3305  3274  3245  3220  3197  3177  3161  3147  3145  3237  4455  4527  4600  4673  4748  4824  4901  4978  5056  5135  6406  6452  7338  7269  7184  7117  6959  7075  5337  5326  5315  5308  5350  5500  5950  6250  6195  6387  7430  7672  8575  8715  8282  8220  8310  8251  8100  8041  7919  7423  7368  7315  7266  6557  6548  6694  6687  6534  6530  6550  7070  7107  7146  7189  9214 10772 10857 10942 11028 11113 10498 10460 10422 10385 10349 10314 10280 10247 10214 10183  9313  9412  9511  9610  9682  9687  9692  9699  9706  9714  9724  9735  9746  9759
  2595  2510  2871  2955  3061  3147  6725  6693  7029  7126  7248  7346  8327  8307  7209  7109  6909  6809  6615  6580  6558  3935  3893  2772  2673  2475  2376  2295  2191  2125     0   150   300   450  2508  2608  4450  4600  4750  4900  6953  7053  8142  8170  8200  4056  4113  4171  2919  2949  2982  3018  3056  3098  3142  3188  3237  3289  4230  4291  5972  6061  6149  6239  6328  6418  6508  6599  6689  6780  8230  8262  8731  8649  8547  8466  8255  8348  5672  5625  5568  5524  5446  5585  6004  6286  6802  6969  8634  8832 10006 10120  9502  9426  9488  9414  9276  9202  9036  8180  8091  8004  7919  6783  6743  6862  6824  6667  6630  6570  6565  6557  6552  6550  9425 11776 11851 11926 12002 12078 11205 11150 11096 11043 10990 10937 10886 10835 10785 10735  9518  9612  9706  9800  9508  9490  9474  9458  9443  9430  9417  9406  9396  9386
  2476  2386  2746  2829  2934  3018  6579  6546  6883  6980  7102  7199  8177  8157  7059  6959  6759  6659  6467  6430  6408  3790  3746  2623  2524  2326  2228  2158  2048  1977   150     0   150   300  2358  2458  4300  4450  4600  4750  6803  6903  7998  8027  8057  3932  3990  4050  2880  2905  2934  2965  2999  3037  3077  3119  3165  3213  4111  4174  5840  5928  6016  6105  6194  6283  6373  6463  6553  6644  8088  8120  8608  8527  8426  8345  8137  8230  5602  5557  5502  5460  5390  5530  5953  6238  6719  6887  8521  8722  9882  9997  9388  9314  9377  9304  9165  9092  8928  8091  8004  7919  7835  6723  6685  6806  6771  6613  6579  6523  6557  6552  6550  6552  9372 11677 11752 11828 11904 11981 11123 11069 11016 10963 10912 10860 10810 10760 10711 10662  9466  9560  9655  9749  9482  9466  9451  9437  9424  9412  9401  9391  9382  9374
  2359  2265  2625  2706  2808  2892  6433  6399  6737  6834  6956  7053  8028  8008  6909  6809  6609  6509  6318  6281  6258  3644  3599  2475  2376  2178  2080  2024  1905  1829   300   150     0   150  2209  2309  4150  4300  4450  4600  6653  6753  7854  7883  7914  3810  3870  3932  2849  2869  2892  2919  2949  2982  3018  3056  3098  3142  3995  4059  5709  5796  5884  5972  6061  6149  6239  6328  6418  6508  7945  7978  8486  8405  8305  8225  8020  8114  5535  5491  5440  5400  5338  5479  5906  6192  6638  6809  8409  8612  9759  9876  9276  9202  9267  9195  9055  8983  8821  8004  7919  7835  7754  6667  6630  6754  6720  6562  6530  6480  6552  6550  6552  6557  9322 11579 11655 11731 11808 11886 11043 10990 10937 10886 10835 10785 10735 10687 10639 10591  9416  9511  9605  9700  9458  9443  9430  9417  9406  9396  9386  9378  9371  9365
  2247  2148  2507  2585  2685  2767  6288  6253  6591  6688  6810  6907  7879  7859  6759  6659  6459  6360  6170  6132  6109  3499  3452  2326  2228  2030  1932  1892  1764  1682   450   300   150     0  2060  2159  4000  4150  4300  4450  6503  6603  7711  7740  7771  3690  3752  3816  2825  2840  2858  2880  2905  2934  2965  2999  3037  3077  3880  3947  5579  5665  5752  5840  5928  6016  6105  6194  6283  6373  7803  7837  8365  8285  8185  8106  7903  7999  5470  5430  5381  5344  5289  5432  5862  6150  6560  6732  8298  8504  9637  9755  9165  9092  9159  9087  8947  8875  8716  7919  7835  7754  7675  6613  6579  6704  6673  6515  6485  6440  6550  6552  6557  6565  9273 11482 11559 11636 11713 11791 10963 10912 10860 10810 10760 10711 10662 10615 10568 10522  9368  9463  9559  9654  9437  9424  9412  9401  9391  9382  9374  9368  9362  9358
  1384  1241  1379  1375  1381  1393  4261  4217  4562  4658  4777  4873  5820  5799  4702  4602  4403  4303  4114  4072  4052  1510  1425   292   212   158   212   828   584   419  2508  2358  2209  2060     0   100  1960  2110  2259  2408  4450  4550  5862  5904  5948  2602  2696  2791  3436  3388  3343  3300  3260  3222  3187  3154  3125  3098  2886  2981  4087  4155  4225  4296  4368  4441  4516  4591  4667  4744  5993  6040  6974  6907  6825  6760  6611  6730  5180  5177  5175  5176  5240  5390  5839  6138  5974  6169  7095  7343  8203  8346  7940  7882  7975  7919  7767  7710  7595  7164  7115  7069  7026  6405  6402  6551  6550  6400  6402  6437  7054  7099  7147  7198  9042 10457 10544 10630 10717 10804 10233 10197 10163 10129 10096 10064 10033 10003  9973  9945  9142  9242  9341  9441  9581  9590  9600  9610  9622  9635  9648  9663  9679  9696
  1416  1277  1389  1379  1375  1381  4166  4121  4467  4562  4681  4777  5721  5699  4602  4502  4303  4203  4016  3973  3952  1423  1333   212   158   212   292   881   656   515  2608  2458  2309  2159   100     0  1861  2010  2159  2309  4350  4450  5771  5814  5859  2570  2665  2761  3486  3436  3388  3343  3300  3260  3222  3187  3154  3125  2857  2953  4019  4087  4155  4225  4296  4368  4441  4516  4591  4667  5905  5952  6907  6842  6760  6697  6550  6670  5177  5175  5176  5179  5249  5398  5846  6145  5952  6148  7038  7288  8132  8277  7882  7824  7919  7863  7710  7655  7542  7131  7084  7040  6999  6402  6400  6550  6551  6402  6405  6444  7084  7131  7181  7233  9033 10407 10493 10580 10667 10755 10197 10163 10129 10096 10064 10033 10003  9973  9945  9918  9133  9233  9332  9432  9590  9600  9610  9622  9635  9648  9663  9679  9696  9714
  2801  2723  2585  2507  2411  2336  2595  2510  2871  2955  3061  3147  3935  3893  2772  2673  2475  2376  2295  2191  2125  1116   957  1736  1834  2030  2129  2525  2432  2372  4450  4300  4150  4000  1960  1861     0   150   300   450  2508  2608  4056  4113  4171  2494  2584  2675  4580  4502  4424  4347  4271  4196  4122  4049  3978  3907  2767  2860  2919  2949  2982  3018  3056  3098  3142  3188  3237  3289  4230  4291  5672  5625  5568  5524  5446  5585  5266  5299  5344  5381  5547  5684  6096  6374  5660  5858  6004  6286  6802  6969  6783  6743  6862  6824  6667  6630  6570  6565  6557  6552  6550  6429  6456  6614  6643  6515  6546  6654  7675  7754  7835  7919  8865  9425  9518  9612  9706  9800  9508  9490  9474  9458  9443  9430  9417  9406  9396  9386  8965  9064  9163  9263  9739  9767  9797  9827  9858  9891  9924  9958  9992 10028
  2928  2853  2706  2625  2526  2449  2476  2386  2746  2829  2934  3018  3790  3746  2623  2524  2326  2228  2158  2048  1977  1207  1061  1883  1981  2178  2277  2666  2577  2521  4600  4450  4300  4150  2110  2010   150     0   150   300  2358  2458  3932  3990  4050  2562  2650  2739  4700  4620  4541  4463  4385  4309  4233  4159  4085  4013  2829  2919  2880  2905  2934  2965  2999  3037  3077  3119  3165  3213  4111  4174  5602  5557  5502  5460  5390  5530  5317  5353  5400  5440  5613  5747  6156  6431  5678  5876  5953  6238  6719  6887  6723  6685  6806  6771  6613  6579  6523  6557  6552  6550  6552  6470  6499  6658  6688  6562  6596  6708  7754  7835  7919  8004  8885  9372  9466  9560  9655  9749  9482  9466  9451  9437  9424  9412  9401  9391  9382  9374  8984  9083  9182  9281  9782  9812  9843  9874  9907  9940  9975 10010 10046 10083
  3057  2985  2829  2746  2645  2565  2359  2265  2625  2706  2808  2892  3644  3599  2475  2376  2178  2080  2024  1905  1829  1308  1175  2030  2129  2326  2425  2807  2723  2670  4750  4600  4450  4300  2259  2159   300   150     0   150  2209  2309  3810  3870  3932  2637  2723  2809  4821  4740  4660  4580  4502  4424  4347  4271  4196  4122  2897  2985  2849  2869  2892  2919  2949  2982  3018  3056  3098  3142  3995  4059  5535  5491  5440  5400  5338  5479  5371  5410  5460  5502  5681  5814  6218  6491  5701  5898  5906  6192  6638  6809  6667  6630  6754  6720  6562  6530  6480  6552  6550  6552  6557  6515  6546  6704  6737  6613  6648  6766  7835  7919  8004  8091  8907  9322  9416  9511  9605  9700  9458  9443  9430  9417  9406  9396  9386  9378  9371  9365  9006  9104  9203  9302  9827  9858  9891  9924  9958  9992 10028 10065 10102 10140
  3188  3119  2955  2871  2767  2685  2247  2148  2507  2585  2685  2767  3499  3452  2326  2228  2030  1932  1892  1764  1682  1418  1297  2178  2277  2475  2574  2949  2869  2819  4900  4750  4600  4450  2408  2309   450   300   150     0  2060  2159  3690  3752  3816  2718  2801  2886  4944  4862  4781  4700  4620  4541  4463  4385  4309  4233  2971  3057  2825  2840  2858  2880  2905  2934  2965  2999  3037  3077  3880  3947  5470  5430  5381  5344  5289  5432  5430  5470  5524  5568  5752  5884  6283  6553  5727  5923  5862  6150  6560  6732  6613  6579  6704  6673  6515  6485  6440  6550  6552  6557  6565  6562  6596  6754  6788  6667  6704  6826  7919  8004  8091  8180  8931  9273  9368  9463  9559  9654  9437  9424  9412  9401  9391  9382  9374  9368  9362  9358  9030  9128  9227  9326  9874  9907  9940  9975 10010 10046 10083 10121 10160 10199
  5028  4990  4753  4658  4538  4443  1384  1241  1379  1375  1381  1393  1510  1425   292   212   158   212   828   584   419  3208  3169  4203  4303  4502  4602  4904  4869  4852  6953  6803  6653  6503  4450  4350  2508  2358  2209  2060     0   100  2602  2696  2791  4334  4391  4450  6820  6731  6641  6552  6463  6375  6287  6199  6112  6025  4510  4572  3436  3388  3343  3300  3260  3222  3187  3154  3125  3098  2886  2981  5180  5177  5175  5176  5240  5390  6681  6744  6825  6891  7129  7240  7580  7813  6610  6787  5839  6138  5974  6169  6405  6402  6551  6550  6400  6402  6437  7054  7099  7147  7198  7655  7710  7863  7919  7824  7882  8050  9371  9475  9581  9688  9684  9042  9142  9242  9341  9441  9581  9590  9600  9610  9622  9635  9648  9663  9679  9696  9777  9870  9963 10057 10886 10934 10983 11033 11083 11135 11186 11239 11292 11345
  5124  5088  4849  4753  4634  4538  1416  1277  1389  1379  1375  1381  1423  1333   212   158   212   292   881   656   515  3305  3267  4303  4403  4602  4702  5003  4968  4952  7053  6903  6753  6603  4550  4450  2608  2458  2309  2159   100     0  2570  2665  2761  4417  4473  4531  6910  6820  6731  6641  6552  6463  6375  6287  6199  6112  4590  4651  3486  3436  3388  3343  3300  3260  3222  3187  3154  3125  2857  2953  5177  5175  5176  5179  5249  5398  6744  6809  6891  6957  7197  7307  7644  7875  6658  6834  5846  6145  5952  6148  6402  6400  6550  6551  6402  6405  6444  7084  7131  7181  7233  7710  7767  7919  7975  7882  7940  8111  9440  9546  9653  9760  9721  9033  9133  9233  9332  9432  9590  9600  9610  9622  9635  9648  9663  9679  9696  9714  9814  9907 10000 10093 10934 10983 11033 11083 11135 11186 11239 11292 11345 11400
  6858  6776  6638  6556  6455  6375  3985  3843  3947  3924  3898  3880  3207  3009  2674  2699  2760  2795  3421  3145  2873  5107  4985  5702  5791  5971  6061  6546  6406  6277  8142  7998  7854  7711  5862  5771  4056  3932  3810  3690  2602  2570     0   100   200  4450  4451  4454  7022  6922  6822  6723  6623  6523  6424  6324  6224  6125  4460  4468  2609  2511  2414  2316  2219  2122  2026  1930  1834  1739   300   400  2801  2826  2862  2894  3054  3191  5782  5871  5982  6071  6362  6429  6646  6803  5234  5365  3608  3890  3405  3603  3999  4016  4173  4192  4057  4081  4174  5201  5286  5375  5466  6431  6510  6642  6721  6670  6751  6970  8537  8667  8797  8929  7919  6550  6650  6750  6850  6950  7289  7312  7337  7363  7390  7418  7448  7479  7511  7544  8002  8085  8169  8253  9361  9426  9492  9559  9626  9694  9762  9831  9901  9970
  6913  6830  6696  6615  6515  6435  4079  3937  4044  4021  3996  3978  3306  3108  2771  2796  2854  2888  3514  3237  2963  5170  5045  5749  5837  6015  6105  6596  6452  6319  8170  8027  7883  7740  5904  5814  4113  3990  3870  3752  2696  2665   100     0   100  4451  4450  4451  7014  6915  6815  6715  6615  6516  6416  6316  6216  6117  4454  4460  2589  2491  2393  2295  2197  2099  2001  1904  1807  1710   200   300  2704  2730  2767  2800  2963  3099  5736  5825  5937  6027  6319  6384  6596  6750  5170  5299  3514  3796  3306  3504  3900  3918  4074  4095  3960  3984  4079  5118  5205  5295  5388  6370  6450  6580  6660  6612  6693  6913  8487  8618  8749  8881  7836  6450  6550  6650  6750  6850  7192  7215  7240  7267  7294  7323  7353  7384  7416  7450  7919  8002  8085  8169  9285  9351  9418  9485  9552  9621  9690  9759  9829  9899
  6970  6885  6755  6675  6576  6497  4174  4032  4141  4119  4094  4077  3405  3207  2869  2892  2949  2982  3608  3329  3054  5234  5107  5796  5884  6061  6149  6646  6499  6362  8200  8057  7914  7771  5948  5859  4171  4050  3932  3816  2791  2761   200   100     0  4454  4451  4450  7009  6909  6809  6709  6609  6509  6410  6310  6210  6110  4451  4454  2574  2475  2376  2277  2178  2080  1981  1883  1785  1687   100   200  2607  2634  2672  2707  2873  3009  5691  5781  5893  5984  6277  6340  6546  6697  5107  5234  3421  3702  3207  3405  3802  3819  3976  3997  3862  3888  3985  5036  5125  5216  5310  6310  6391  6520  6600  6554  6636  6858  8438  8569  8701  8834  7754  6350  6450  6550  6650  6750  7095  7118  7144  7170  7198  7227  7258  7289  7322  7356  7836  7919  8002  8085  9210  9276  9343  9411  9479  9548  9618  9688  9758  9829
  3985  3843  3947  3924  3898  3880  4933  4819  5168  5236  5322  5392  5839  5732  4625  4543  4380  4300  4490  4283  4088  3207  3009  2674  2699  2760  2795  3421  3145  2873  4056  3932  3810  3690  2602  2570  2494  2562  2637  2718  4334  4417  4450  4451  4454     0   100   200  2609  2511  2414  2316  2219  2122  2026  1930  1834  1739   300   400  1978  2074  2171  2268  2365  2462  2560  2658  2755  2854  4460  4468  4676  4595  4495  4416  4217  4317  2801  2826  2862  2894  3054  3191  3608  3890  3405  3603  4634  4857  5950  6066  5498  5429  5506  5440  5294  5228  5087  4562  4514  4471  4432  3999  4016  4173  4192  4057  4081  4174  5201  5286  5375  5466  6550  7919  8002  8085  8169  8253  7632  7596  7561  7527  7495  7463  7433  7404  7376  7350  6650  6750  6850  6950  7289  7312  7337  7363  7390  7418  7448  7479  7511  7544
